3 0.4984375 0.11944444444444445 0.13125 0.06388888888888888
3 0.49765625 0.2125 0.1328125 0.08611111111111111
4 0.45 0.32222222222222224 0.0390625 0.07916666666666666
5 0.50703125 0.3277777777777778 0.0421875 0.0625
5 0.54921875 0.3263888888888889 0.04375 0.06805555555555555
4 0.45390625 0.45 0.0484375 0.07222222222222222
5 0.528125 0.4361111111111111 0.06015625 0.06666666666666667
5 0.4640625 0.5097222222222222 0.0578125 0.07083333333333333
5 0.51796875 0.5027777777777778 0.01953125 0.05138888888888889
4 0.4625 0.5708333333333333 0.05390625 0.06805555555555555
5 0.5203125 0.5625 0.02265625 0.07361111111111111
0 0.48671875 0.7083333333333334 0.1078125 0.125