4 0.4546875 0.1 0.0484375 0.07222222222222222
4 0.459375 0.16944444444444445 0.05 0.06944444444444445
4 0.46640625 0.23055555555555557 0.0578125 0.05694444444444444
4 0.46328125 0.2902777777777778 0.0609375 0.07222222222222222
4 0.46171875 0.35694444444444445 0.0578125 0.06111111111111111
4 0.4546875 0.4097222222222222 0.06171875 0.06388888888888888
4 0.4578125 0.4708333333333333 0.0484375 0.06527777777777778
4 0.45390625 0.5361111111111111 0.0421875 0.058333333333333334
4 0.459375 0.5819444444444445 0.05 0.05138888888888889
4 0.459375 0.7194444444444444 0.0765625 0.058333333333333334
4 0.446875 0.775 0.03828125 0.04583333333333333
4 0.44609375 0.8138888888888889 0.03203125 0.041666666666666664
4 0.44765625 0.8569444444444444 0.04609375 0.04583333333333333
4 0.44375 0.9041666666666667 0.03203125 0.041666666666666664
5 0.509375 0.09861111111111111 0.03359375 0.06111111111111111
5 0.503125 0.16111111111111112 0.02109375 0.05555555555555555
5 0.52109375 0.22083333333333333 0.03203125 0.05416666666666667
5 0.525 0.28055555555555556 0.0234375 0.05555555555555555
5 0.5203125 0.34444444444444444 0.0328125 0.058333333333333334
5 0.54609375 0.34444444444444444 0.025 0.05416666666666667
5 0.52109375 0.4111111111111111 0.03125 0.05555555555555555
5 0.51484375 0.4625 0.0203125 0.05416666666666667
5 0.51953125 0.5319444444444444 0.040625 0.05277777777777778
5 0.51875 0.5819444444444445 0.01796875 0.044444444444444446
3 0.48515625 0.6486111111111111 0.115625 0.09166666666666666
5 0.5265625 0.7236111111111111 0.02421875 0.06388888888888888
5 0.49140625 0.7805555555555556 0.02421875 0.059722222222222225
5 0.4890625 0.8180555555555555 0.02578125 0.043055555555555555
5 0.49453125 0.8625 0.0203125 0.043055555555555555
5 0.490625 0.9069444444444444 0.015625 0.03194444444444444
3 0.45859375 0.9333333333333333 0.059375 0.06111111111111111
4 0.51171875 0.9416666666666667 0.0359375 0.05555555555555555
5 0.5484375 0.9319444444444445 0.015625 0.05