4 0.4578125 0.21666666666666667 0.04453125 0.06666666666666667
5 0.51640625 0.2152777777777778 0.0328125 0.0625
5 0.55078125 0.20972222222222223 0.04140625 0.06527777777777778
5 0.459375 0.2875 0.03515625 0.05416666666666667
5 0.49375 0.2875 0.0328125 0.05
5 0.528125 0.2763888888888889 0.0328125 0.05277777777777778
5 0.459375 0.3416666666666667 0.0328125 0.05694444444444444
5 0.48828125 0.3388888888888889 0.015625 0.03888888888888889
4 0.4625 0.43333333333333335 0.04453125 0.06388888888888888
5 0.50546875 0.42916666666666664 0.0203125 0.05555555555555555
4 0.4609375 0.5013888888888889 0.0484375 0.05694444444444444
5 0.515625 0.49444444444444446 0.02578125 0.058333333333333334
4 0.4625 0.5708333333333333 0.046875 0.05277777777777778
5 0.51796875 0.5694444444444444 0.0328125 0.05555555555555555
5 0.5515625 0.5708333333333333 0.03515625 0.05277777777777778
5 0.478125 0.6347222222222222 0.01328125 0.04722222222222222
0 0.4921875 0.7361111111111112 0.05625 0.11527777777777778