4 0.48359375 0.0375 0.07578125 0.06527777777777778
5 0.53671875 0.029166666666666667 0.01875 0.04861111111111111
4 0.47890625 0.09444444444444444 0.071875 0.058333333333333334
5 0.5359375 0.08472222222222223 0.02109375 0.041666666666666664
4 0.478125 0.18055555555555555 0.084375 0.05555555555555555
5 0.546875 0.17083333333333334 0.02578125 0.05
4 0.46796875 0.23472222222222222 0.065625 0.059722222222222225
5 0.52109375 0.22777777777777777 0.015625 0.041666666666666664
4 0.46328125 0.2847222222222222 0.05625 0.05138888888888889
5 0.5125 0.28055555555555556 0.02890625 0.041666666666666664
4 0.46875 0.37916666666666665 0.0515625 0.05694444444444444
5 0.5234375 0.36527777777777776 0.02890625 0.05416666666666667
4 0.4671875 0.4666666666666667 0.053125 0.0625
5 0.5296875 0.4652777777777778 0.0421875 0.05
5 0.48203125 0.5083333333333333 0.015625 0.04027777777777778
4 0.46015625 0.5791666666666667 0.034375 0.05555555555555555
5 0.50703125 0.5805555555555556 0.0234375 0.05694444444444444
4 0.46875 0.6583333333333333 0.05625 0.07916666666666666
5 0.5125 0.6625 0.01640625 0.05555555555555555
4 0.4703125 0.7416666666666667 0.06015625 0.0625
5 0.52265625 0.7361111111111112 0.01875 0.05555555555555555
0 0.49140625 0.9416666666666667 0.06015625 0.09166666666666666