4 0.45546875 0.13472222222222222 0.04140625 0.07916666666666666
5 0.50390625 0.13472222222222222 0.0421875 0.07777777777777778
5 0.54765625 0.13472222222222222 0.0484375 0.06944444444444445
5 0.4578125 0.22361111111111112 0.0484375 0.059722222222222225
5 0.5015625 0.21944444444444444 0.03984375 0.05555555555555555
5 0.5453125 0.21666666666666667 0.040625 0.05138888888888889
5 0.46328125 0.3 0.0484375 0.06805555555555555
5 0.5125 0.3013888888888889 0.046875 0.06944444444444445
5 0.4625 0.36666666666666664 0.046875 0.06805555555555555
5 0.509375 0.37777777777777777 0.0421875 0.07083333333333333
4 0.46015625 0.49444444444444446 0.05703125 0.08888888888888889
5 0.5171875 0.4888888888888889 0.0234375 0.06944444444444445