4 0.45703125 0.08611111111111111 0.0421875 0.05
5 0.50703125 0.08194444444444444 0.02890625 0.044444444444444446
4 0.46328125 0.1388888888888889 0.046875 0.05
5 0.51484375 0.1361111111111111 0.0265625 0.04583333333333333
4 0.4609375 0.19166666666666668 0.03984375 0.05416666666666667
5 0.51328125 0.18472222222222223 0.03203125 0.05
4 0.46171875 0.25 0.0390625 0.058333333333333334
5 0.509375 0.24444444444444444 0.0125 0.05277777777777778
4 0.45859375 0.30277777777777776 0.0359375 0.05694444444444444
5 0.5015625 0.3013888888888889 0.015625 0.0375
4 0.4609375 0.35138888888888886 0.03828125 0.05694444444444444
5 0.496875 0.3472222222222222 0.0140625 0.043055555555555555
4 0.4625 0.4041666666666667 0.04765625 0.059722222222222225
5 0.51484375 0.39444444444444443 0.02265625 0.04722222222222222
4 0.46953125 0.4597222222222222 0.0546875 0.043055555555555555
5 0.52109375 0.44583333333333336 0.02109375 0.04027777777777778
4 0.4625 0.5027777777777778 0.053125 0.04027777777777778
5 0.52265625 0.49444444444444446 0.02265625 0.044444444444444446
4 0.4515625 0.5513888888888889 0.03359375 0.058333333333333334
5 0.50078125 0.5430555555555555 0.0171875 0.05
4 0.4609375 0.6013888888888889 0.0484375 0.05277777777777778
5 0.51640625 0.6 0.03125 0.04583333333333333
5 0.5453125 0.5958333333333333 0.03125 0.04722222222222222
4 0.5015625 0.6638888888888889 0.0625 0.06805555555555555
3 0.49296875 0.7444444444444445 0.08671875 0.075
0 0.4703125 0.8444444444444444 0.05546875 0.10694444444444444