4 0.4578125 0.125 0.0609375 0.07361111111111111
5 0.51484375 0.13055555555555556 0.0234375 0.08055555555555556
4 0.4515625 0.2833333333333333 0.04140625 0.06388888888888888
5 0.51015625 0.2791666666666667 0.03359375 0.05138888888888889
5 0.5453125 0.2722222222222222 0.03359375 0.05694444444444444
5 0.45625 0.3527777777777778 0.040625 0.07361111111111111
5 0.50390625 0.3486111111111111 0.04921875 0.05138888888888889
4 0.46015625 0.5097222222222222 0.0734375 0.06527777777777778
5 0.53046875 0.5027777777777778 0.02109375 0.044444444444444446
4 0.4578125 0.6125 0.046875 0.06111111111111111
5 0.50703125 0.6027777777777777 0.0203125 0.043055555555555555
4 0.465625 0.7194444444444444 0.07265625 0.07777777777777778
5 0.53203125 0.7138888888888889 0.0328125 0.05555555555555555
0 0.49375 0.8569444444444444 0.09609375 0.14027777777777778