4 0.47578125 0.04027777777777778 0.053125 0.07083333333333333
5 0.52109375 0.034722222222222224 0.01875 0.05694444444444444
4 0.4671875 0.14027777777777778 0.0390625 0.06944444444444445
5 0.5046875 0.1388888888888889 0.01796875 0.058333333333333334
4 0.46953125 0.25416666666666665 0.0421875 0.06944444444444445
5 0.51015625 0.25416666666666665 0.0109375 0.05694444444444444
4 0.4796875 0.36666666666666664 0.0609375 0.059722222222222225
5 0.52890625 0.3680555555555556 0.02265625 0.06388888888888888
4 0.47421875 0.48333333333333334 0.0734375 0.06805555555555555
5 0.52578125 0.48055555555555557 0.015625 0.04583333333333333
4 0.47421875 0.5944444444444444 0.06484375 0.08333333333333333
5 0.53125 0.5833333333333334 0.03125 0.058333333333333334
0 0.5015625 0.7208333333333333 0.06796875 0.09583333333333334