4 0.45703125 0.3819444444444444 0.04140625 0.059722222222222225
5 0.50546875 0.38055555555555554 0.02578125 0.05277777777777778
4 0.5390625 0.37916666666666665 0.04140625 0.05694444444444444
4 0.459375 0.4388888888888889 0.040625 0.05555555555555555
5 0.49921875 0.4361111111111111 0.0234375 0.04583333333333333
4 0.5375 0.42777777777777776 0.0453125 0.06388888888888888
3 0.4828125 0.48333333333333334 0.125 0.04583333333333333
3 0.4640625 0.5416666666666666 0.07578125 0.05277777777777778
4 0.4625 0.6 0.0640625 0.05555555555555555
5 0.51875 0.5847222222222223 0.0109375 0.043055555555555555
5 0.53125 0.5875 0.0109375 0.05416666666666667