4 0.4546875 0.07916666666666666 0.0390625 0.03888888888888889
5 0.50234375 0.07777777777777778 0.03359375 0.043055555555555555
5 0.52421875 0.07361111111111111 0.01796875 0.03888888888888889
4 0.54921875 0.06805555555555555 0.04140625 0.044444444444444446
4 0.45390625 0.11805555555555555 0.0390625 0.044444444444444446
5 0.50859375 0.11805555555555555 0.021875 0.03194444444444444
4 0.53984375 0.12222222222222222 0.04375 0.04583333333333333
4 0.4515625 0.16944444444444445 0.03828125 0.041666666666666664
5 0.49921875 0.1638888888888889 0.0203125 0.04027777777777778
4 0.459375 0.20555555555555555 0.04609375 0.041666666666666664
5 0.49921875 0.2 0.0125 0.03333333333333333
4 0.45 0.24861111111111112 0.0390625 0.05555555555555555
5 0.50546875 0.24722222222222223 0.03671875 0.03888888888888889
4 0.45234375 0.2847222222222222 0.03984375 0.044444444444444446
5 0.50546875 0.29305555555555557 0.028125 0.03888888888888889
4 0.459375 0.32222222222222224 0.0515625 0.04027777777777778
5 0.50625 0.3236111111111111 0.0203125 0.043055555555555555
4 0.45234375 0.36527777777777776 0.028125 0.04583333333333333
5 0.490625 0.3638888888888889 0.02109375 0.044444444444444446
4 0.45625 0.40694444444444444 0.04765625 0.05138888888888889
5 0.50546875 0.4 0.009375 0.044444444444444446
4 0.46484375 0.45416666666666666 0.053125 0.05555555555555555
5 0.5171875 0.4486111111111111 0.0109375 0.05555555555555555
0 0.48515625 0.5958333333333333 0.09140625 0.15694444444444444