4 0.46328125 0.04027777777777778 0.04375 0.05277777777777778
5 0.51328125 0.0375 0.0265625 0.05694444444444444
4 0.54375 0.04583333333333333 0.0359375 0.06805555555555555
4 0.4640625 0.10833333333333334 0.04921875 0.05555555555555555
5 0.51640625 0.10555555555555556 0.0234375 0.05555555555555555
4 0.46796875 0.16944444444444445 0.05234375 0.058333333333333334
5 0.51796875 0.16666666666666666 0.025 0.043055555555555555
4 0.4671875 0.2222222222222222 0.05234375 0.04027777777777778
5 0.51484375 0.21388888888888888 0.0171875 0.043055555555555555
4 0.4609375 0.2861111111111111 0.04140625 0.05555555555555555
5 0.5046875 0.28194444444444444 0.03671875 0.058333333333333334
4 0.46171875 0.3486111111111111 0.0390625 0.04583333333333333
5 0.496875 0.34444444444444444 0.0125 0.0375
4 0.46640625 0.3972222222222222 0.04609375 0.04722222222222222
5 0.5171875 0.39166666666666666 0.021875 0.06111111111111111
4 0.45625 0.45 0.034375 0.05
5 0.49921875 0.45 0.025 0.05416666666666667