4 0.45078125 0.04861111111111111 0.04375 0.06527777777777778
5 0.49609375 0.059722222222222225 0.028125 0.0625
4 0.528125 0.05694444444444444 0.03671875 0.08194444444444444
4 0.4515625 0.12916666666666668 0.0375 0.058333333333333334
5 0.49453125 0.1361111111111111 0.025 0.05694444444444444
4 0.52734375 0.13472222222222222 0.040625 0.05
4 0.446875 0.19305555555555556 0.034375 0.05694444444444444
5 0.49375 0.19444444444444445 0.034375 0.04861111111111111
4 0.5296875 0.19027777777777777 0.03515625 0.05138888888888889
3 0.4953125 0.24722222222222223 0.13359375 0.04861111111111111
4 0.45625 0.2986111111111111 0.0515625 0.05416666666666667
5 0.509375 0.30277777777777776 0.0265625 0.043055555555555555
4 0.5390625 0.30416666666666664 0.0390625 0.04722222222222222
4 0.45234375 0.35833333333333334 0.04921875 0.06805555555555555
5 0.50703125 0.35833333333333334 0.0421875 0.059722222222222225
5 0.53359375 0.35555555555555557 0.01484375 0.04722222222222222
4 0.453125 0.42777777777777776 0.046875 0.06388888888888888
5 0.5015625 0.4263888888888889 0.03125 0.04583333333333333
5 0.5296875 0.425 0.03203125 0.0625
5 0.503125 0.48055555555555557 0.0421875 0.058333333333333334
4 0.45625 0.5319444444444444 0.0421875 0.059722222222222225
5 0.50546875 0.5361111111111111 0.01796875 0.06666666666666667
0 0.4828125 0.6430555555555556 0.10546875 0.1527777777777778