4 0.4546875 0.25972222222222224 0.046875 0.06388888888888888
5 0.50390625 0.25833333333333336 0.0375 0.044444444444444446
5 0.54140625 0.24722222222222223 0.0390625 0.041666666666666664
5 0.45703125 0.3277777777777778 0.0390625 0.05555555555555555
5 0.4953125 0.31805555555555554 0.0328125 0.05416666666666667
5 0.5359375 0.30277777777777776 0.05390625 0.058333333333333334
5 0.4515625 0.40694444444444444 0.04453125 0.05138888888888889
5 0.496875 0.3902777777777778 0.04765625 0.0375
4 0.5046875 0.44166666666666665 0.0625 0.05138888888888889
4 0.478125 0.5166666666666667 0.06796875 0.059722222222222225
5 0.540625 0.5166666666666667 0.04375 0.05138888888888889
0 0.50546875 0.6277777777777778 0.084375 0.12638888888888888