4 0.4515625 0.1125 0.04375 0.05694444444444444
5 0.49765625 0.1111111111111111 0.04140625 0.058333333333333334
5 0.5390625 0.1125 0.04375 0.058333333333333334
5 0.45703125 0.1638888888888889 0.03984375 0.043055555555555555
4 0.45625 0.2263888888888889 0.05 0.04722222222222222
5 0.490625 0.23333333333333334 0.009375 0.044444444444444446
5 0.50234375 0.23055555555555557 0.01171875 0.043055555555555555
5 0.51640625 0.23194444444444445 0.0109375 0.058333333333333334
3 0.4984375 0.2791666666666667 0.14453125 0.059722222222222225
4 0.46015625 0.3333333333333333 0.04921875 0.044444444444444446
5 0.50625 0.32916666666666666 0.0171875 0.05138888888888889
3 0.49609375 0.39305555555555555 0.13203125 0.058333333333333334
0 0.496875 0.5138888888888888 0.0890625 0.15694444444444444