4 0.45234375 0.07083333333333333 0.03984375 0.05138888888888889
5 0.5015625 0.06944444444444445 0.02890625 0.05416666666666667
5 0.52265625 0.0763888888888889 0.0125 0.044444444444444446
4 0.55234375 0.07361111111111111 0.046875 0.03888888888888889
4 0.45078125 0.10972222222222222 0.02890625 0.043055555555555555
5 0.5 0.11527777777777778 0.028125 0.03611111111111111
4 0.54921875 0.12083333333333333 0.04296875 0.05
4 0.45078125 0.15694444444444444 0.03125 0.04027777777777778
5 0.4984375 0.15833333333333333 0.0375 0.041666666666666664
4 0.45 0.20555555555555555 0.0296875 0.044444444444444446
5 0.49453125 0.20833333333333334 0.025 0.05
4 0.453125 0.25277777777777777 0.0359375 0.05
5 0.49609375 0.2569444444444444 0.015625 0.03611111111111111
4 0.45 0.3 0.034375 0.03888888888888889
5 0.49921875 0.29305555555555557 0.034375 0.03333333333333333
5 0.52421875 0.29444444444444445 0.0140625 0.04027777777777778
4 0.45390625 0.3416666666666667 0.03125 0.04861111111111111
5 0.5046875 0.3458333333333333 0.0234375 0.04583333333333333
5 0.5234375 0.34305555555555556 0.0125 0.04583333333333333
4 0.4484375 0.3902777777777778 0.03984375 0.04861111111111111
5 0.503125 0.39166666666666666 0.03203125 0.05138888888888889
5 0.52578125 0.39166666666666666 0.0171875 0.05555555555555555
4 0.45078125 0.44166666666666665 0.0453125 0.04027777777777778
5 0.50078125 0.4361111111111111 0.025 0.044444444444444446
4 0.45 0.4861111111111111 0.04765625 0.058333333333333334
5 0.503125 0.49027777777777776 0.0265625 0.044444444444444446
4 0.4578125 0.5361111111111111 0.053125 0.058333333333333334
5 0.5046875 0.5402777777777777 0.0109375 0.0625
0 0.471875 0.6069444444444444 0.05546875 0.09861111111111111