4 0.4578125 0.20972222222222223 0.03984375 0.07222222222222222
4 0.4953125 0.2125 0.0375 0.05694444444444444
5 0.5359375 0.2111111111111111 0.04375 0.05555555555555555
5 0.528125 0.3125 0.034375 0.05555555555555555
5 0.528125 0.45416666666666666 0.04375 0.05277777777777778
5 0.515625 0.5305555555555556 0.03984375 0.06388888888888888
5 0.52109375 0.6097222222222223 0.021875 0.06388888888888888
4 0.46796875 0.3236111111111111 0.05 0.07361111111111111
4 0.465625 0.45555555555555555 0.05 0.06805555555555555
4 0.459375 0.6125 0.0484375 0.06666666666666667
0 0.48515625 0.7555555555555555 0.0625 0.125