4 0.46328125 0.041666666666666664 0.0359375 0.06805555555555555
4 0.46484375 0.11944444444444445 0.040625 0.058333333333333334
4 0.465625 0.19027777777777777 0.0375 0.06666666666666667
4 0.46171875 0.25972222222222224 0.04453125 0.059722222222222225
4 0.46953125 0.3347222222222222 0.06328125 0.06944444444444445
4 0.465625 0.41944444444444445 0.06796875 0.07222222222222222
4 0.46796875 0.5083333333333333 0.071875 0.07916666666666666
4 0.47421875 0.5930555555555556 0.07109375 0.075
4 0.4703125 0.6805555555555556 0.0671875 0.07361111111111111
5 0.503125 0.04027777777777778 0.0328125 0.06388888888888888
5 0.50625 0.11388888888888889 0.0296875 0.06944444444444445
5 0.50234375 0.1763888888888889 0.02578125 0.06666666666666667
5 0.503125 0.2513888888888889 0.02890625 0.05555555555555555
5 0.51484375 0.3375 0.01484375 0.06666666666666667
5 0.52578125 0.425 0.03828125 0.07222222222222222
5 0.5171875 0.5097222222222222 0.01328125 0.07083333333333333
5 0.52578125 0.5861111111111111 0.0203125 0.058333333333333334
5 0.5171875 0.6722222222222223 0.01484375 0.05277777777777778