4 0.45078125 0.07222222222222222 0.040625 0.04722222222222222
5 0.49140625 0.07361111111111111 0.025 0.03888888888888889
5 0.5140625 0.07222222222222222 0.0203125 0.041666666666666664
5 0.5328125 0.07083333333333333 0.02265625 0.03611111111111111
5 0.5578125 0.075 0.0296875 0.04583333333333333
4 0.45 0.11388888888888889 0.040625 0.04027777777777778
5 0.49296875 0.1125 0.02265625 0.03611111111111111
4 0.45234375 0.15555555555555556 0.03203125 0.03611111111111111
5 0.4921875 0.15 0.02578125 0.03333333333333333
3 0.48515625 0.19166666666666668 0.096875 0.03888888888888889
4 0.44609375 0.2388888888888889 0.028125 0.044444444444444446
5 0.4859375 0.23472222222222222 0.02265625 0.041666666666666664
5 0.51484375 0.24027777777777778 0.03046875 0.04583333333333333
4 0.45234375 0.2902777777777778 0.0484375 0.044444444444444446
5 0.49296875 0.28888888888888886 0.0171875 0.041666666666666664
4 0.45078125 0.33194444444444443 0.03828125 0.04722222222222222
5 0.48671875 0.3375 0.015625 0.03888888888888889
4 0.4546875 0.37777777777777777 0.0484375 0.05
5 0.49140625 0.38055555555555554 0.009375 0.0375
4 0.45078125 0.425 0.0421875 0.0375
5 0.49453125 0.41944444444444445 0.01015625 0.03194444444444444
4 0.44609375 0.4597222222222222 0.034375 0.043055555555555555
5 0.48359375 0.4625 0.02265625 0.0375
5 0.50078125 0.4597222222222222 0.0125 0.043055555555555555
4 0.4453125 0.5041666666666667 0.03125 0.043055555555555555
5 0.47890625 0.5041666666666667 0.01484375 0.030555555555555555
4 0.4484375 0.5472222222222223 0.03046875 0.03194444444444444
5 0.471875 0.5430555555555555 0.0109375 0.04027777777777778
4 0.44609375 0.5791666666666667 0.0375 0.03194444444444444
5 0.48125 0.5777777777777777 0.01796875 0.03611111111111111
4 0.453125 0.6208333333333333 0.03984375 0.04722222222222222
5 0.49453125 0.6236111111111111 0.01328125 0.030555555555555555
4 0.45078125 0.6694444444444444 0.046875 0.041666666666666664
5 0.49765625 0.6694444444444444 0.0140625 0.0375
4 0.4484375 0.7097222222222223 0.0359375 0.041666666666666664
5 0.48046875 0.7138888888888889 0.0109375 0.04027777777777778
4 0.45234375 0.7555555555555555 0.05 0.05
5 0.4984375 0.7527777777777778 0.015625 0.043055555555555555