4 0.4640625 0.08194444444444444 0.05390625 0.07222222222222222
4 0.47890625 0.17916666666666667 0.07890625 0.08333333333333333
4 0.46796875 0.2611111111111111 0.05703125 0.043055555555555555
4 0.465625 0.31805555555555554 0.05390625 0.05277777777777778
4 0.4625 0.37083333333333335 0.05234375 0.05555555555555555
4 0.47734375 0.45555555555555555 0.06875 0.05277777777777778
4 0.4640625 0.5208333333333334 0.071875 0.06388888888888888
4 0.4640625 0.5833333333333334 0.06796875 0.06111111111111111
4 0.4734375 0.6569444444444444 0.08125 0.05555555555555555
4 0.4671875 0.7166666666666667 0.07890625 0.05555555555555555
4 0.46328125 0.7722222222222223 0.0625 0.05138888888888889
5 0.5203125 0.07777777777777778 0.02265625 0.05138888888888889
5 0.54140625 0.15833333333333333 0.01484375 0.05
5 0.5328125 0.25277777777777777 0.0421875 0.06111111111111111
5 0.51015625 0.30694444444444446 0.0109375 0.043055555555555555
5 0.509375 0.3486111111111111 0.0140625 0.043055555555555555
5 0.53828125 0.44166666666666665 0.0296875 0.05555555555555555
5 0.5140625 0.5027777777777778 0.01796875 0.05
5 0.51875 0.5555555555555556 0.021875 0.05
5 0.54140625 0.6430555555555556 0.02265625 0.05416666666666667
5 0.5203125 0.7013888888888888 0.021875 0.044444444444444446
5 0.52265625 0.7597222222222222 0.03671875 0.044444444444444446
5 0.453125 0.8291666666666667 0.02265625 0.05
5 0.48515625 0.8236111111111111 0.03046875 0.043055555555555555
5 0.5171875 0.8152777777777778 0.03359375 0.03611111111111111
5 0.45 0.8875 0.02890625 0.04583333333333333
5 0.490625 0.8847222222222222 0.0390625 0.043055555555555555
5 0.5234375 0.8763888888888889 0.02265625 0.04583333333333333
5 0.54921875 0.8763888888888889 0.028125 0.05694444444444444
5 0.45625 0.9513888888888888 0.0296875 0.06666666666666667
5 0.490625 0.9458333333333333 0.028125 0.075
5 0.5203125 0.9597222222222223 0.01875 0.05694444444444444