4 0.45859375 0.25972222222222224 0.04140625 0.05555555555555555
5 0.5046875 0.25277777777777777 0.0375 0.03611111111111111
5 0.540625 0.24166666666666667 0.0390625 0.04722222222222222
5 0.45703125 0.32916666666666666 0.0421875 0.058333333333333334
5 0.49609375 0.31666666666666665 0.03203125 0.05138888888888889
5 0.53828125 0.30694444444444446 0.04765625 0.05694444444444444
5 0.45 0.4027777777777778 0.0515625 0.05
5 0.49765625 0.3875 0.03671875 0.05138888888888889
4 0.50078125 0.44305555555555554 0.06796875 0.058333333333333334
4 0.475 0.5194444444444445 0.0625 0.05416666666666667
5 0.540625 0.5138888888888888 0.03984375 0.04027777777777778
0 0.49921875 0.6333333333333333 0.10625 0.1361111111111111