4 0.46640625 0.07777777777777778 0.04375 0.04583333333333333
5 0.5125 0.07916666666666666 0.025 0.04027777777777778
5 0.53984375 0.0763888888888889 0.01796875 0.041666666666666664
4 0.45625 0.12083333333333333 0.03046875 0.0375
5 0.49765625 0.12083333333333333 0.03203125 0.03333333333333333
4 0.4625 0.16111111111111112 0.04375 0.04583333333333333
5 0.51640625 0.15694444444444444 0.028125 0.043055555555555555
4 0.46171875 0.20277777777777778 0.0421875 0.04722222222222222
5 0.51171875 0.20277777777777778 0.025 0.04722222222222222
4 0.46015625 0.24861111111111112 0.03984375 0.044444444444444446
5 0.50078125 0.24861111111111112 0.0203125 0.04583333333333333
4 0.45625 0.29583333333333334 0.03046875 0.05
5 0.49921875 0.29305555555555557 0.0171875 0.04027777777777778
4 0.4671875 0.34444444444444444 0.04453125 0.044444444444444446
5 0.5125 0.3388888888888889 0.0171875 0.043055555555555555
4 0.45234375 0.3861111111111111 0.02890625 0.043055555555555555
5 0.48828125 0.38472222222222224 0.01328125 0.044444444444444446
4 0.4609375 0.42916666666666664 0.04375 0.044444444444444446
5 0.50546875 0.4222222222222222 0.0109375 0.041666666666666664
4 0.4625 0.4666666666666667 0.05390625 0.03888888888888889
5 0.515625 0.4625 0.015625 0.04027777777777778
4 0.453125 0.5111111111111111 0.02421875 0.04583333333333333
5 0.490625 0.5083333333333333 0.0171875 0.041666666666666664
4 0.46015625 0.5569444444444445 0.04609375 0.05416666666666667
5 0.50546875 0.5513888888888889 0.0140625 0.044444444444444446
4 0.47109375 0.6097222222222223 0.05390625 0.05
5 0.5203125 0.6027777777777777 0.0125 0.04583333333333333
0 0.4890625 0.7305555555555555 0.109375 0.16805555555555557