4 0.459375 0.034722222222222224 0.04765625 0.06944444444444445
5 0.509375 0.043055555555555555 0.0328125 0.08055555555555556
4 0.53984375 0.04583333333333333 0.03203125 0.0763888888888889
4 0.45625 0.11805555555555555 0.040625 0.07222222222222222
5 0.50625 0.12222222222222222 0.0328125 0.06666666666666667
4 0.54609375 0.11666666666666667 0.04453125 0.06527777777777778
4 0.4546875 0.17916666666666667 0.05 0.06666666666666667
5 0.50234375 0.18472222222222223 0.0296875 0.058333333333333334
4 0.54296875 0.18333333333333332 0.04609375 0.06527777777777778
4 0.46015625 0.25 0.05546875 0.07361111111111111
5 0.51953125 0.25277777777777777 0.0390625 0.059722222222222225
4 0.45859375 0.3277777777777778 0.05234375 0.06666666666666667
5 0.51875 0.3236111111111111 0.040625 0.07083333333333333
4 0.4609375 0.3958333333333333 0.04375 0.059722222222222225
5 0.52265625 0.3902777777777778 0.0390625 0.058333333333333334
0 0.4890625 0.5194444444444445 0.10234375 0.15555555555555556