4 0.4734375 0.03888888888888889 0.0578125 0.075
5 0.53515625 0.029166666666666667 0.04453125 0.05277777777777778
4 0.4640625 0.13472222222222222 0.05 0.07361111111111111
5 0.5078125 0.13055555555555556 0.01875 0.07361111111111111
4 0.46953125 0.23472222222222222 0.0515625 0.06805555555555555
5 0.5125 0.23055555555555557 0.01484375 0.05416666666666667
4 0.46796875 0.3277777777777778 0.0375 0.07083333333333333
5 0.5046875 0.3277777777777778 0.01484375 0.05416666666666667
4 0.478125 0.42916666666666664 0.0640625 0.075
5 0.528125 0.43194444444444446 0.01875 0.07083333333333333
4 0.47890625 0.5583333333333333 0.053125 0.07222222222222222
5 0.5390625 0.5513888888888889 0.03984375 0.044444444444444446
4 0.46953125 0.6583333333333333 0.05 0.06666666666666667
5 0.53046875 0.6638888888888889 0.03359375 0.05555555555555555
4 0.46796875 0.7625 0.04375 0.06527777777777778
5 0.5125 0.7652777777777777 0.01640625 0.05
5 0.47734375 0.8444444444444444 0.075 0.06805555555555555
5 0.5421875 0.8458333333333333 0.028125 0.043055555555555555
4 0.4734375 0.9111111111111111 0.059375 0.05277777777777778
5 0.528125 0.9013888888888889 0.0171875 0.044444444444444446
0 0.50546875 0.9611111111111111 0.06171875 0.07777777777777778