4 0.4609375 0.09305555555555556 0.0390625 0.058333333333333334
5 0.50625 0.08611111111111111 0.025 0.05416666666666667
4 0.46015625 0.2111111111111111 0.04375 0.044444444444444446
5 0.5171875 0.19305555555555556 0.0390625 0.05555555555555555
4 0.46328125 0.33194444444444443 0.04921875 0.06111111111111111
5 0.52109375 0.3194444444444444 0.03046875 0.04583333333333333
5 0.54453125 0.31527777777777777 0.015625 0.05
4 0.46171875 0.4236111111111111 0.0484375 0.06805555555555555
5 0.5140625 0.41388888888888886 0.0328125 0.06111111111111111
4 0.46953125 0.4888888888888889 0.06875 0.05416666666666667
5 0.52421875 0.46805555555555556 0.01484375 0.04722222222222222
4 0.46953125 0.5569444444444445 0.07109375 0.09305555555555556
5 0.521875 0.5125 0.0171875 0.043055555555555555
4 0.465625 0.6680555555555555 0.05078125 0.0625
5 0.51171875 0.6375 0.0234375 0.06944444444444445
0 0.484375 0.7861111111111111 0.0515625 0.08611111111111111