0 0.48203125 0.6611111111111111 0.1109375 0.19444444444444445
4 0.45703125 0.07222222222222222 0.0421875 0.05694444444444444
4 0.45625 0.12361111111111112 0.0421875 0.03888888888888889
4 0.453125 0.1625 0.03671875 0.04027777777777778
4 0.4546875 0.20555555555555555 0.0375 0.041666666666666664
4 0.45625 0.24722222222222223 0.04609375 0.04027777777777778
4 0.45859375 0.2902777777777778 0.0421875 0.043055555555555555
4 0.45390625 0.3333333333333333 0.034375 0.043055555555555555
4 0.453125 0.37916666666666665 0.03828125 0.05
4 0.459375 0.4263888888888889 0.0546875 0.04583333333333333
4 0.46015625 0.46944444444444444 0.05 0.03888888888888889
4 0.45625 0.5180555555555556 0.04140625 0.05555555555555555
5 0.509375 0.0763888888888889 0.02421875 0.04722222222222222
5 0.53359375 0.075 0.015625 0.043055555555555555
5 0.50625 0.12361111111111112 0.02890625 0.04583333333333333
5 0.49765625 0.15833333333333333 0.02890625 0.04027777777777778
5 0.49921875 0.20555555555555555 0.021875 0.05138888888888889
5 0.50859375 0.24583333333333332 0.02421875 0.043055555555555555
5 0.509375 0.2902777777777778 0.01796875 0.04722222222222222
5 0.49765625 0.33194444444444443 0.0171875 0.05
5 0.4953125 0.37777777777777777 0.015625 0.05
5 0.5125 0.425 0.0140625 0.04722222222222222
5 0.51171875 0.46944444444444444 0.01484375 0.044444444444444446
5 0.50546875 0.5291666666666667 0.01484375 0.06527777777777778