4 0.46171875 0.06666666666666667 0.04140625 0.05138888888888889
5 0.50234375 0.06111111111111111 0.0265625 0.041666666666666664
5 0.5328125 0.05555555555555555 0.03046875 0.04583333333333333
5 0.45703125 0.12777777777777777 0.03046875 0.05
5 0.48359375 0.12083333333333333 0.02890625 0.044444444444444446
5 0.51484375 0.11666666666666667 0.0359375 0.03888888888888889
5 0.45703125 0.19027777777777777 0.03359375 0.05
5 0.490625 0.18055555555555555 0.034375 0.05
5 0.52109375 0.16805555555555557 0.0171875 0.05
4 0.459375 0.2625 0.03984375 0.05416666666666667
5 0.5046875 0.25555555555555554 0.03203125 0.03888888888888889
5 0.53046875 0.24444444444444444 0.0109375 0.041666666666666664
4 0.47109375 0.31805555555555554 0.0578125 0.04583333333333333
5 0.52734375 0.29583333333333334 0.025 0.043055555555555555
4 0.46640625 0.3736111111111111 0.0453125 0.058333333333333334
5 0.5140625 0.3680555555555556 0.03125 0.044444444444444446
5 0.5453125 0.3597222222222222 0.02890625 0.05694444444444444
5 0.4546875 0.4305555555555556 0.0234375 0.043055555555555555
4 0.46015625 0.5055555555555555 0.03828125 0.059722222222222225
5 0.50703125 0.4986111111111111 0.03984375 0.059722222222222225
4 0.46953125 0.6111111111111112 0.0546875 0.05
5 0.51640625 0.5958333333333333 0.015625 0.03333333333333333
4 0.4640625 0.6625 0.0421875 0.04722222222222222
5 0.50625 0.6513888888888889 0.0265625 0.043055555555555555
4 0.46953125 0.7236111111111111 0.06171875 0.05277777777777778
5 0.52578125 0.7 0.02265625 0.04722222222222222
4 0.4640625 0.7930555555555555 0.04609375 0.06666666666666667
5 0.50859375 0.7777777777777778 0.0359375 0.058333333333333334
5 0.53359375 0.7652777777777777 0.01796875 0.058333333333333334
4 0.471875 0.8861111111111111 0.06328125 0.05138888888888889
5 0.53515625 0.8694444444444445 0.0390625 0.05416666666666667
4 0.4578125 0.9430555555555555 0.04140625 0.05694444444444444
5 0.49765625 0.9305555555555556 0.01796875 0.06111111111111111