4 0.475 0.2 0.08359375 0.058333333333333334
5 0.5359375 0.19027777777777777 0.04375 0.04583333333333333
4 0.45390625 0.2513888888888889 0.053125 0.05694444444444444
5 0.5109375 0.2513888888888889 0.034375 0.05555555555555555
5 0.54921875 0.24305555555555555 0.04140625 0.06666666666666667
5 0.45703125 0.30694444444444446 0.04609375 0.058333333333333334
5 0.4953125 0.30833333333333335 0.02421875 0.06527777777777778
4 0.45625 0.42083333333333334 0.053125 0.058333333333333334
5 0.50703125 0.42083333333333334 0.03671875 0.05
5 0.54765625 0.4166666666666667 0.040625 0.058333333333333334
5 0.47109375 0.5069444444444444 0.046875 0.075