4 0.4578125 0.25277777777777777 0.03984375 0.04583333333333333
4 0.4953125 0.25416666666666665 0.0375 0.04722222222222222
5 0.5375 0.24722222222222223 0.0375 0.04861111111111111
4 0.45390625 0.30833333333333335 0.03515625 0.05138888888888889
4 0.4875 0.3013888888888889 0.03203125 0.05
5 0.52109375 0.3013888888888889 0.03046875 0.04722222222222222
5 0.553125 0.2986111111111111 0.0359375 0.041666666666666664
5 0.52734375 0.3541666666666667 0.03125 0.041666666666666664
5 0.496875 0.3972222222222222 0.0390625 0.034722222222222224
4 0.46953125 0.3611111111111111 0.05625 0.04861111111111111
5 0.5328125 0.4625 0.03828125 0.05277777777777778
4 0.46796875 0.46805555555555556 0.053125 0.07361111111111111