4 0.4484375 0.14305555555555555 0.05 0.06388888888888888
5 0.4953125 0.1361111111111111 0.0109375 0.05277777777777778
5 0.5078125 0.1388888888888889 0.009375 0.058333333333333334
4 0.4484375 0.1986111111111111 0.04453125 0.05416666666666667
5 0.4921875 0.2 0.0171875 0.05555555555555555
5 0.50390625 0.1986111111111111 0.0125 0.05
5 0.5140625 0.20277777777777778 0.01484375 0.05
4 0.53828125 0.1638888888888889 0.05078125 0.07083333333333333
4 0.45078125 0.28055555555555556 0.06015625 0.05416666666666667
5 0.5078125 0.2791666666666667 0.03828125 0.04861111111111111
5 0.5421875 0.28194444444444444 0.02578125 0.04583333333333333
4 0.4515625 0.3347222222222222 0.0625 0.058333333333333334
5 0.51328125 0.3347222222222222 0.0234375 0.05694444444444444
4 0.5578125 0.3347222222222222 0.0625 0.06944444444444445
4 0.44921875 0.42083333333333334 0.05703125 0.0763888888888889
5 0.51171875 0.42083333333333334 0.04375 0.06666666666666667
4 0.459375 0.5152777777777777 0.06875 0.06388888888888888
5 0.52421875 0.5055555555555555 0.0109375 0.05555555555555555
5 0.5359375 0.5013888888888889 0.01328125 0.0625
0 0.4796875 0.6555555555555556 0.1 0.14444444444444443