4 0.45546875 0.0763888888888889 0.0484375 0.041666666666666664
5 0.5078125 0.07361111111111111 0.03125 0.03888888888888889
4 0.453125 0.1125 0.0390625 0.06111111111111111
5 0.49453125 0.11388888888888889 0.01875 0.04583333333333333
4 0.453125 0.1625 0.0453125 0.05
5 0.50390625 0.1597222222222222 0.0390625 0.04027777777777778
4 0.446875 0.20694444444444443 0.03125 0.043055555555555555
5 0.48671875 0.20416666666666666 0.02421875 0.04583333333333333
4 0.4546875 0.25555555555555554 0.0390625 0.05555555555555555
5 0.49765625 0.24722222222222223 0.0234375 0.044444444444444446
4 0.45234375 0.2972222222222222 0.0390625 0.041666666666666664
5 0.49453125 0.29444444444444445 0.0125 0.04722222222222222
4 0.4515625 0.3472222222222222 0.04375 0.05
5 0.5015625 0.3402777777777778 0.01640625 0.05555555555555555
4 0.45625 0.3902777777777778 0.05546875 0.041666666666666664
5 0.51328125 0.37916666666666665 0.01015625 0.058333333333333334
4 0.465625 0.4388888888888889 0.071875 0.058333333333333334
5 0.5203125 0.43194444444444446 0.0140625 0.05277777777777778
4 0.45625 0.4777777777777778 0.05 0.03888888888888889
5 0.509375 0.4722222222222222 0.01015625 0.044444444444444446
4 0.46015625 0.5208333333333334 0.053125 0.05555555555555555
5 0.5171875 0.5180555555555556 0.0171875 0.04861111111111111
4 0.45390625 0.5722222222222222 0.05 0.05555555555555555
5 0.509375 0.5666666666666667 0.01328125 0.044444444444444446
4 0.45078125 0.6222222222222222 0.05 0.044444444444444446
5 0.5046875 0.6166666666666667 0.01328125 0.05277777777777778
4 0.45546875 0.6652777777777777 0.0609375 0.04583333333333333
5 0.51640625 0.6638888888888889 0.01875 0.05555555555555555
0 0.4859375 0.7791666666666667 0.08515625 0.18055555555555555