4 0.46015625 0.034722222222222224 0.04453125 0.06944444444444445
5 0.50546875 0.03333333333333333 0.0265625 0.058333333333333334
4 0.4640625 0.11388888888888889 0.04765625 0.06388888888888888
5 0.50703125 0.1111111111111111 0.028125 0.058333333333333334
5 0.53203125 0.10972222222222222 0.0171875 0.06111111111111111
4 0.4640625 0.18888888888888888 0.040625 0.06388888888888888
5 0.50859375 0.18611111111111112 0.02421875 0.06388888888888888
4 0.4734375 0.2652777777777778 0.06796875 0.06527777777777778
5 0.52578125 0.2625 0.02578125 0.05555555555555555
4 0.4703125 0.33611111111111114 0.06171875 0.06805555555555555
5 0.52265625 0.33055555555555555 0.03359375 0.07361111111111111
4 0.465625 0.41944444444444445 0.06796875 0.05555555555555555
5 0.5203125 0.4111111111111111 0.034375 0.05277777777777778
4 0.4578125 0.49583333333333335 0.040625 0.06111111111111111
5 0.496875 0.4888888888888889 0.01484375 0.05277777777777778
4 0.46953125 0.5611111111111111 0.06875 0.05416666666666667
5 0.521875 0.5527777777777778 0.021875 0.058333333333333334
4 0.4703125 0.6333333333333333 0.0625 0.05555555555555555
5 0.5203125 0.6236111111111111 0.0140625 0.05277777777777778