4 0.46640625 0.05138888888888889 0.05 0.06944444444444445
5 0.515625 0.05694444444444444 0.03125 0.07083333333333333
4 0.465625 0.12083333333333333 0.04140625 0.06944444444444445
5 0.50703125 0.12222222222222222 0.028125 0.05277777777777778
5 0.540625 0.13055555555555556 0.0375 0.059722222222222225
4 0.5140625 0.17777777777777778 0.0640625 0.05416666666666667
4 0.47421875 0.24861111111111112 0.06171875 0.059722222222222225
5 0.52890625 0.24722222222222223 0.01796875 0.058333333333333334
4 0.48203125 0.31666666666666665 0.07265625 0.08611111111111111
5 0.5375 0.33055555555555555 0.02578125 0.07777777777777778
0 0.49765625 0.44166666666666665 0.11484375 0.1625