4 0.44375 0.22777777777777777 0.0578125 0.06944444444444445
5 0.50625 0.22361111111111112 0.0375 0.07083333333333333
4 0.5421875 0.2375 0.0375 0.06944444444444445
4 0.43671875 0.3111111111111111 0.0484375 0.06944444444444445
5 0.478125 0.3138888888888889 0.01328125 0.07083333333333333
5 0.4875 0.31805555555555554 0.0109375 0.05555555555555555
5 0.496875 0.31527777777777777 0.0171875 0.06111111111111111
4 0.5359375 0.32083333333333336 0.05859375 0.06944444444444445
4 0.4484375 0.37916666666666665 0.0578125 0.05416666666666667
5 0.49453125 0.38333333333333336 0.0125 0.04722222222222222
5 0.5046875 0.38055555555555554 0.0125 0.04583333333333333
5 0.5140625 0.3875 0.0109375 0.05694444444444444
5 0.52734375 0.3861111111111111 0.0109375 0.05277777777777778
4 0.5625 0.3888888888888889 0.06796875 0.08333333333333333
4 0.4390625 0.46111111111111114 0.04375 0.06388888888888888
5 0.4828125 0.4597222222222222 0.009375 0.05694444444444444
5 0.49375 0.4638888888888889 0.01328125 0.05277777777777778
5 0.50625 0.46111111111111114 0.01640625 0.05694444444444444
4 0.54140625 0.4652777777777778 0.06171875 0.0875
0 0.47578125 0.6263888888888889 0.1234375 0.15416666666666667