4 0.4671875 0.1361111111111111 0.053125 0.07777777777777778
5 0.54765625 0.12222222222222222 0.05 0.06666666666666667
4 0.4625 0.26805555555555555 0.059375 0.09027777777777778
5 0.53203125 0.25833333333333336 0.0421875 0.08194444444444444
5 0.4609375 0.3611111111111111 0.05625 0.07777777777777778
4 0.45546875 0.46944444444444444 0.0546875 0.07361111111111111
5 0.51875 0.4638888888888889 0.0515625 0.0625
5 0.4578125 0.5513888888888889 0.05390625 0.07777777777777778
5 0.51640625 0.5430555555555555 0.0453125 0.07222222222222222
5 0.553125 0.5430555555555555 0.021875 0.06805555555555555
0 0.4890625 0.6763888888888889 0.1125 0.13472222222222222