4 0.459375 0.12916666666666668 0.05234375 0.07361111111111111
5 0.51796875 0.12916666666666668 0.0234375 0.07083333333333333
4 0.45078125 0.28194444444444444 0.0375 0.06805555555555555
5 0.5109375 0.2791666666666667 0.03828125 0.05416666666666667
5 0.546875 0.275 0.03125 0.058333333333333334
5 0.4578125 0.3527777777777778 0.0390625 0.06388888888888888
5 0.50859375 0.3486111111111111 0.053125 0.06111111111111111
4 0.46953125 0.5152777777777777 0.059375 0.05416666666666667
5 0.52890625 0.5041666666666667 0.01796875 0.041666666666666664
4 0.45546875 0.6180555555555556 0.053125 0.06388888888888888
5 0.509375 0.6041666666666666 0.01796875 0.03611111111111111
4 0.4625 0.7194444444444444 0.07578125 0.06944444444444445
5 0.52890625 0.7097222222222223 0.0359375 0.05277777777777778
0 0.490625 0.8527777777777777 0.103125 0.14444444444444443