4 0.4578125 0.0875 0.046875 0.05694444444444444
5 0.50703125 0.07916666666666666 0.025 0.044444444444444446
4 0.53828125 0.08055555555555556 0.0375 0.05
5 0.5046875 0.11944444444444445 0.03203125 0.043055555555555555
4 0.4578125 0.16111111111111112 0.03984375 0.04722222222222222
5 0.5 0.1638888888888889 0.0140625 0.041666666666666664
4 0.4546875 0.20555555555555555 0.0359375 0.04027777777777778
5 0.5046875 0.20972222222222223 0.034375 0.03888888888888889
4 0.45546875 0.25277777777777777 0.04609375 0.05138888888888889
5 0.51015625 0.2513888888888889 0.0265625 0.03888888888888889
4 0.45 0.29583333333333334 0.03671875 0.03888888888888889
5 0.496875 0.2902777777777778 0.0234375 0.041666666666666664
4 0.4640625 0.3388888888888889 0.05 0.04583333333333333
5 0.51328125 0.3375 0.0203125 0.044444444444444446
4 0.45390625 0.39166666666666666 0.04453125 0.04583333333333333
5 0.503125 0.3902777777777778 0.0171875 0.04722222222222222
4 0.45390625 0.44305555555555554 0.040625 0.04583333333333333
5 0.5015625 0.4388888888888889 0.01015625 0.03888888888888889
4 0.459375 0.4888888888888889 0.0546875 0.04027777777777778
5 0.5140625 0.48333333333333334 0.01796875 0.04722222222222222
4 0.45078125 0.5305555555555556 0.0328125 0.04027777777777778
5 0.49296875 0.5319444444444444 0.0125 0.0375
4 0.45625 0.5777777777777777 0.04765625 0.04583333333333333
5 0.5015625 0.5722222222222222 0.01484375 0.04027777777777778
0 0.49453125 0.6930555555555555 0.10078125 0.19444444444444445