4 0.4765625 0.22083333333333333 0.08671875 0.07361111111111111
5 0.54296875 0.2222222222222222 0.0390625 0.06805555555555555
4 0.46171875 0.2972222222222222 0.05546875 0.06944444444444445
5 0.50546875 0.29444444444444445 0.0203125 0.06527777777777778
4 0.45546875 0.3763888888888889 0.0484375 0.06527777777777778
5 0.509375 0.37777777777777777 0.0375 0.06805555555555555
5 0.54921875 0.3763888888888889 0.03671875 0.06805555555555555
5 0.45078125 0.4388888888888889 0.0328125 0.05555555555555555
4 0.45390625 0.5291666666666667 0.040625 0.059722222222222225
5 0.49375 0.5319444444444444 0.03046875 0.05694444444444444
5 0.52578125 0.5319444444444444 0.02890625 0.059722222222222225
5 0.55390625 0.5305555555555556 0.028125 0.05694444444444444
5 0.4625 0.5958333333333333 0.0421875 0.05694444444444444
5 0.4984375 0.6 0.034375 0.05
5 0.53203125 0.5986111111111111 0.03125 0.05
5 0.45625 0.6611111111111111 0.0390625 0.05694444444444444
5 0.49765625 0.6638888888888889 0.03828125 0.05277777777777778
5 0.53671875 0.6583333333333333 0.03984375 0.05555555555555555
5 0.44453125 0.7194444444444444 0.02421875 0.05138888888888889
0 0.51796875 0.7611111111111111 0.08671875 0.1111111111111111