4 0.4578125 0.12361111111111112 0.04375 0.06805555555555555
5 0.50078125 0.12222222222222222 0.03125 0.07777777777777778
4 0.4515625 0.17777777777777778 0.040625 0.05555555555555555
5 0.50703125 0.18888888888888888 0.0390625 0.06944444444444445
5 0.54375 0.1875 0.02578125 0.06388888888888888
4 0.4546875 0.25833333333333336 0.04609375 0.058333333333333334
5 0.49765625 0.25833333333333336 0.01640625 0.05277777777777778
4 0.45078125 0.31527777777777777 0.040625 0.06666666666666667
5 0.49765625 0.3055555555555556 0.01015625 0.04583333333333333
4 0.45390625 0.3888888888888889 0.03828125 0.06111111111111111
5 0.49765625 0.38472222222222224 0.015625 0.059722222222222225
0 0.47578125 0.5194444444444445 0.0875 0.14027777777777778