4 0.4640625 0.07361111111111111 0.046875 0.04583333333333333
5 0.51796875 0.07777777777777778 0.03359375 0.03888888888888889
5 0.5453125 0.075 0.01484375 0.043055555555555555
4 0.4578125 0.11944444444444445 0.034375 0.05277777777777778
5 0.5109375 0.11805555555555555 0.0375 0.04722222222222222
4 0.45546875 0.1736111111111111 0.034375 0.04722222222222222
5 0.5109375 0.17222222222222222 0.03671875 0.05555555555555555
4 0.45390625 0.2125 0.0375 0.0375
5 0.50625 0.2125 0.028125 0.041666666666666664
4 0.4578125 0.2569444444444444 0.0453125 0.044444444444444446
5 0.509375 0.25833333333333336 0.02578125 0.044444444444444446
4 0.45625 0.30277777777777776 0.0453125 0.05
5 0.5140625 0.3055555555555556 0.0234375 0.04027777777777778
4 0.45078125 0.3527777777777778 0.0375 0.044444444444444446
5 0.49140625 0.35138888888888886 0.0125 0.04583333333333333
4 0.4484375 0.39861111111111114 0.02890625 0.05138888888888889
5 0.49375 0.4 0.0140625 0.044444444444444446
4 0.45234375 0.44305555555555554 0.0375 0.05138888888888889
5 0.503125 0.44722222222222224 0.0078125 0.05
4 0.45234375 0.49166666666666664 0.0390625 0.06388888888888888
5 0.50234375 0.49583333333333335 0.015625 0.05138888888888889
4 0.46015625 0.5444444444444444 0.05234375 0.06111111111111111
5 0.5109375 0.5513888888888889 0.01875 0.05277777777777778
4 0.453125 0.5972222222222222 0.03984375 0.05555555555555555
5 0.503125 0.5944444444444444 0.0125 0.044444444444444446
4 0.46796875 0.6541666666666667 0.0703125 0.07222222222222222
5 0.5265625 0.6472222222222223 0.009375 0.06388888888888888
0 0.478125 0.7861111111111111 0.07734375 0.13333333333333333