4 0.4546875 0.10694444444444444 0.046875 0.041666666666666664
5 0.5015625 0.10694444444444444 0.0265625 0.05138888888888889
5 0.52890625 0.10555555555555556 0.02890625 0.03888888888888889
5 0.553125 0.10277777777777777 0.02421875 0.0375
5 0.45546875 0.16111111111111112 0.05234375 0.04583333333333333
5 0.49921875 0.15555555555555556 0.0296875 0.05416666666666667
4 0.45078125 0.3333333333333333 0.0453125 0.08611111111111111
5 0.50859375 0.34444444444444444 0.02890625 0.07361111111111111
4 0.44765625 0.4986111111111111 0.034375 0.06666666666666667
5 0.4984375 0.49444444444444446 0.04609375 0.058333333333333334
0 0.4640625 0.6486111111111111 0.07265625 0.15694444444444444