4 0.45078125 0.08888888888888889 0.03984375 0.04583333333333333
4 0.49375 0.08888888888888889 0.0203125 0.03611111111111111
5 0.51484375 0.075 0.02421875 0.05416666666666667
4 0.55 0.07777777777777778 0.03359375 0.04722222222222222
4 0.44609375 0.1361111111111111 0.028125 0.05416666666666667
5 0.49375 0.13055555555555556 0.01484375 0.043055555555555555
4 0.54375 0.12638888888888888 0.04453125 0.05694444444444444
4 0.4515625 0.19166666666666668 0.03671875 0.05
5 0.50078125 0.19583333333333333 0.021875 0.05
5 0.52109375 0.19722222222222222 0.015625 0.043055555555555555
4 0.4484375 0.24166666666666667 0.03046875 0.043055555555555555
5 0.50234375 0.24027777777777778 0.025 0.043055555555555555
4 0.45078125 0.2916666666666667 0.03671875 0.04583333333333333
5 0.503125 0.2916666666666667 0.01875 0.043055555555555555
4 0.45625 0.34305555555555556 0.04140625 0.05277777777777778
5 0.50703125 0.33611111111111114 0.0109375 0.043055555555555555
4 0.4578125 0.3861111111111111 0.0484375 0.059722222222222225
5 0.50546875 0.3888888888888889 0.0203125 0.04027777777777778
4 0.446875 0.43194444444444446 0.0328125 0.05555555555555555
5 0.49375 0.4375 0.015625 0.04722222222222222
4 0.45390625 0.4875 0.03984375 0.044444444444444446
5 0.50234375 0.4861111111111111 0.01640625 0.043055555555555555
4 0.453125 0.5444444444444444 0.03828125 0.05277777777777778
5 0.4953125 0.5472222222222223 0.01640625 0.044444444444444446
0 0.48515625 0.6222222222222222 0.053125 0.09861111111111111