4 0.459375 0.06805555555555555 0.0484375 0.04583333333333333
4 0.45 0.11666666666666667 0.04140625 0.05138888888888889
4 0.45078125 0.16805555555555557 0.0375 0.043055555555555555
4 0.4546875 0.21805555555555556 0.040625 0.05555555555555555
4 0.45390625 0.27361111111111114 0.0375 0.05694444444444444
4 0.45859375 0.33055555555555555 0.04921875 0.05694444444444444
4 0.45234375 0.37916666666666665 0.04609375 0.043055555555555555
4 0.45078125 0.42777777777777776 0.03984375 0.041666666666666664
4 0.446875 0.4777777777777778 0.03984375 0.05138888888888889
4 0.4546875 0.5291666666666667 0.04765625 0.05277777777777778
4 0.4609375 0.5736111111111111 0.05390625 0.05277777777777778
5 0.51875 0.07777777777777778 0.0375 0.044444444444444446
5 0.5 0.11944444444444445 0.04140625 0.043055555555555555
5 0.4984375 0.16527777777777777 0.03671875 0.043055555555555555
5 0.503125 0.21944444444444444 0.02890625 0.05694444444444444
5 0.50078125 0.26805555555555555 0.0296875 0.04027777777777778
5 0.5171875 0.33194444444444443 0.01875 0.059722222222222225
5 0.5015625 0.37777777777777777 0.02265625 0.05277777777777778
5 0.5015625 0.42916666666666664 0.02421875 0.044444444444444446
5 0.49375 0.475 0.015625 0.04583333333333333
5 0.51328125 0.5236111111111111 0.01328125 0.05277777777777778
5 0.51640625 0.5805555555555556 0.015625 0.05416666666666667
0 0.48671875 0.7319444444444444 0.1140625 0.2375