4 0.4703125 0.044444444444444446 0.04765625 0.06944444444444445
5 0.5109375 0.04722222222222222 0.02109375 0.05138888888888889
4 0.46640625 0.11527777777777778 0.034375 0.06805555555555555
5 0.51015625 0.1125 0.028125 0.06111111111111111
4 0.46015625 0.19027777777777777 0.03359375 0.059722222222222225
5 0.4953125 0.19027777777777777 0.01015625 0.059722222222222225
4 0.471875 0.2638888888888889 0.0546875 0.05277777777777778
5 0.528125 0.2569444444444444 0.03828125 0.04722222222222222
5 0.45859375 0.3111111111111111 0.03203125 0.05
5 0.49453125 0.3111111111111111 0.0375 0.05138888888888889
5 0.53515625 0.30694444444444446 0.0390625 0.05138888888888889
5 0.45390625 0.3527777777777778 0.0109375 0.030555555555555555
4 0.4734375 0.4041666666666667 0.0625 0.05277777777777778
5 0.5328125 0.4027777777777778 0.0359375 0.05
5 0.55703125 0.39444444444444443 0.01015625 0.044444444444444446
4 0.47109375 0.48333333333333334 0.05625 0.07083333333333333
5 0.52734375 0.48055555555555557 0.03359375 0.07222222222222222
4 0.4703125 0.5680555555555555 0.06328125 0.06527777777777778
5 0.5265625 0.5583333333333333 0.03203125 0.058333333333333334
4 0.47421875 0.6444444444444445 0.075 0.07916666666666666
5 0.52421875 0.65 0.00859375 0.05555555555555555
4 0.46796875 0.7444444444444445 0.04609375 0.07222222222222222
5 0.51328125 0.7458333333333333 0.01640625 0.043055555555555555
4 0.45859375 0.8416666666666667 0.040625 0.06944444444444445
5 0.50390625 0.8416666666666667 0.01796875 0.044444444444444446
4 0.4546875 0.9041666666666667 0.0421875 0.05555555555555555
5 0.49140625 0.9041666666666667 0.0171875 0.041666666666666664
0 0.5078125 0.9597222222222223 0.05546875 0.07777777777777778