4 0.4609375 0.12361111111111112 0.04609375 0.06388888888888888
5 0.5125 0.12222222222222222 0.0390625 0.07083333333333333
5 0.45234375 0.2263888888888889 0.0390625 0.06666666666666667
5 0.50390625 0.2222222222222222 0.04375 0.058333333333333334
5 0.5421875 0.22777777777777777 0.03515625 0.06111111111111111
5 0.4546875 0.34305555555555556 0.04765625 0.07777777777777778
5 0.515625 0.33611111111111114 0.0453125 0.07916666666666666
5 0.55546875 0.3347222222222222 0.01484375 0.07083333333333333
4 0.46328125 0.4527777777777778 0.0453125 0.07777777777777778
5 0.53046875 0.45416666666666666 0.04765625 0.06944444444444445
5 0.453125 0.5722222222222222 0.0515625 0.07361111111111111
5 0.50078125 0.5722222222222222 0.0390625 0.06944444444444445
0 0.48984375 0.7666666666666667 0.059375 0.11388888888888889