4 0.45 0.07777777777777778 0.0375 0.04583333333333333
5 0.49453125 0.075 0.0265625 0.043055555555555555
5 0.5171875 0.0763888888888889 0.01640625 0.03194444444444444
4 0.5484375 0.08055555555555556 0.034375 0.044444444444444446
4 0.45 0.12083333333333333 0.03203125 0.044444444444444446
5 0.48671875 0.11666666666666667 0.021875 0.041666666666666664
4 0.53125 0.125 0.0453125 0.05277777777777778
4 0.453125 0.1638888888888889 0.03671875 0.044444444444444446
5 0.490625 0.1527777777777778 0.01484375 0.03333333333333333
4 0.5328125 0.16666666666666666 0.0546875 0.04583333333333333
4 0.44296875 0.1986111111111111 0.021875 0.03333333333333333
5 0.484375 0.1986111111111111 0.028125 0.03888888888888889
4 0.45078125 0.24444444444444444 0.0375 0.04583333333333333
5 0.49375 0.24305555555555555 0.03046875 0.044444444444444446
4 0.4484375 0.2847222222222222 0.03203125 0.03888888888888889
5 0.49375 0.2902777777777778 0.025 0.044444444444444446
4 0.4546875 0.3277777777777778 0.03984375 0.04722222222222222
5 0.50078125 0.325 0.0265625 0.03888888888888889
4 0.4546875 0.37777777777777777 0.0421875 0.043055555555555555
5 0.5109375 0.36944444444444446 0.025 0.043055555555555555
4 0.4546875 0.4222222222222222 0.04140625 0.04027777777777778
5 0.5015625 0.41388888888888886 0.02890625 0.044444444444444446
4 0.45625 0.4666666666666667 0.04609375 0.043055555555555555
5 0.50078125 0.45555555555555555 0.0203125 0.044444444444444446
4 0.459375 0.5111111111111111 0.05546875 0.043055555555555555
5 0.51015625 0.5041666666666667 0.01640625 0.04722222222222222
4 0.45 0.55 0.03828125 0.041666666666666664
5 0.48984375 0.5472222222222223 0.01484375 0.0375
4 0.45234375 0.5916666666666667 0.04453125 0.043055555555555555
5 0.4984375 0.5875 0.01015625 0.03611111111111111
4 0.45546875 0.6333333333333333 0.04453125 0.03611111111111111
5 0.50078125 0.6333333333333333 0.0171875 0.043055555555555555
4 0.45546875 0.6833333333333333 0.046875 0.043055555555555555
5 0.509375 0.6791666666666667 0.0109375 0.04027777777777778
0 0.49296875 0.7833333333333333 0.0921875 0.12222222222222222