4 0.45859375 0.08611111111111111 0.0359375 0.05
5 0.5 0.08055555555555556 0.025 0.03888888888888889
5 0.5203125 0.0763888888888889 0.01875 0.0375
4 0.46484375 0.12916666666666668 0.0484375 0.034722222222222224
5 0.5140625 0.125 0.0296875 0.03888888888888889
4 0.46328125 0.175 0.04921875 0.043055555555555555
5 0.51171875 0.16805555555555557 0.03046875 0.041666666666666664
4 0.46796875 0.21805555555555556 0.0546875 0.04583333333333333
5 0.5140625 0.2152777777777778 0.0109375 0.044444444444444446
4 0.459375 0.26666666666666666 0.046875 0.04027777777777778
5 0.5140625 0.2638888888888889 0.03203125 0.04583333333333333
4 0.45546875 0.3125 0.03828125 0.04861111111111111
5 0.49921875 0.30833333333333335 0.015625 0.04583333333333333
4 0.453125 0.3597222222222222 0.03515625 0.04722222222222222
5 0.490625 0.3597222222222222 0.0140625 0.043055555555555555
4 0.45625 0.4013888888888889 0.0421875 0.043055555555555555
5 0.50546875 0.4083333333333333 0.0359375 0.041666666666666664
5 0.53046875 0.4027777777777778 0.0078125 0.05
4 0.45703125 0.45 0.04375 0.05277777777777778
5 0.496875 0.44722222222222224 0.01875 0.04583333333333333
4 0.45859375 0.49722222222222223 0.05 0.04027777777777778
5 0.52421875 0.49166666666666664 0.034375 0.044444444444444446
4 0.45625 0.5375 0.03671875 0.041666666666666664
5 0.50078125 0.5333333333333333 0.01640625 0.04722222222222222
3 0.465625 0.5833333333333334 0.053125 0.05
4 0.46171875 0.6305555555555555 0.053125 0.044444444444444446
5 0.5109375 0.625 0.01484375 0.05138888888888889
4 0.46796875 0.6861111111111111 0.0796875 0.06666666666666667
5 0.528125 0.6777777777777778 0.01640625 0.05
0 0.46953125 0.7722222222222223 0.05625 0.08888888888888889