4 0.45 0.20694444444444443 0.040625 0.0625
4 0.49375 0.2013888888888889 0.04375 0.06388888888888888
5 0.53046875 0.19722222222222222 0.034375 0.05138888888888889
5 0.56015625 0.19166666666666668 0.01484375 0.043055555555555555
4 0.46171875 0.29583333333333334 0.053125 0.05694444444444444
5 0.521875 0.29305555555555557 0.03828125 0.05694444444444444
5 0.55546875 0.30416666666666664 0.03203125 0.07361111111111111
5 0.515625 0.35138888888888886 0.03046875 0.05277777777777778
5 0.51875 0.4388888888888889 0.034375 0.05
4 0.45859375 0.4527777777777778 0.046875 0.06527777777777778
0 0.4859375 0.6777777777777778 0.090625 0.12222222222222222