4 0.45234375 0.1486111111111111 0.04453125 0.08472222222222223
5 0.4546875 0.2263888888888889 0.03359375 0.06944444444444445
5 0.5015625 0.15694444444444444 0.034375 0.06666666666666667
5 0.54375 0.14583333333333334 0.0453125 0.07222222222222222
4 0.4625 0.3527777777777778 0.0640625 0.06944444444444445
5 0.51875 0.3472222222222222 0.0359375 0.05555555555555555
4 0.4640625 0.4597222222222222 0.0578125 0.06944444444444445
5 0.534375 0.45694444444444443 0.0453125 0.07361111111111111
4 0.45625 0.5444444444444444 0.046875 0.058333333333333334
4 0.4578125 0.6333333333333333 0.04375 0.059722222222222225
5 0.51796875 0.5430555555555555 0.03046875 0.05694444444444444
5 0.5109375 0.6361111111111111 0.01796875 0.05416666666666667
0 0.48828125 0.7486111111111111 0.084375 0.1388888888888889
4 0.49453125 0.39305555555555555 0.0609375 0.04583333333333333
4 0.47109375 0.5013888888888889 0.0578125 0.03888888888888889
4 0.490625 0.5875 0.0640625 0.044444444444444446