4 0.4578125 0.1375 0.05 0.08055555555555556
5 0.51796875 0.14305555555555555 0.03125 0.07916666666666666
4 0.45859375 0.3013888888888889 0.05546875 0.08333333333333333
5 0.521875 0.31527777777777777 0.0203125 0.07361111111111111
4 0.45390625 0.44583333333333336 0.04375 0.06944444444444445
5 0.51484375 0.44027777777777777 0.04921875 0.06388888888888888
4 0.45625 0.6083333333333333 0.03984375 0.075
5 0.5046875 0.6069444444444444 0.03671875 0.06666666666666667
5 0.55 0.6027777777777777 0.04609375 0.07083333333333333
5 0.45546875 0.6694444444444444 0.04375 0.05
4 0.4640625 0.7527777777777778 0.0671875 0.06805555555555555
5 0.54921875 0.7402777777777778 0.04921875 0.06388888888888888
4 0.46875 0.8361111111111111 0.0640625 0.08611111111111111
5 0.54609375 0.8402777777777778 0.0328125 0.08194444444444444
0 0.52265625 0.9083333333333333 0.0765625 0.08888888888888889