4 0.4625 0.03333333333333333 0.0390625 0.05416666666666667
5 0.5015625 0.0375 0.03203125 0.05277777777777778
5 0.5328125 0.03888888888888889 0.03671875 0.058333333333333334
5 0.465625 0.09861111111111111 0.04375 0.06527777777777778
5 0.496875 0.09861111111111111 0.0171875 0.05694444444444444
4 0.47109375 0.1625 0.04921875 0.06388888888888888
5 0.51640625 0.15833333333333333 0.0203125 0.05
4 0.46796875 0.225 0.04453125 0.06111111111111111
5 0.51015625 0.225 0.0234375 0.05416666666666667
4 0.4734375 0.29583333333333334 0.0515625 0.05694444444444444
5 0.51484375 0.28888888888888886 0.01484375 0.04722222222222222
4 0.4625 0.3625 0.0515625 0.059722222222222225
5 0.50859375 0.35138888888888886 0.0171875 0.04583333333333333
4 0.459375 0.425 0.040625 0.059722222222222225
5 0.5015625 0.41944444444444445 0.01640625 0.04722222222222222
4 0.4703125 0.49444444444444446 0.06796875 0.05694444444444444
5 0.52578125 0.4847222222222222 0.01484375 0.04722222222222222
4 0.46796875 0.5722222222222222 0.06171875 0.05555555555555555
5 0.5171875 0.5680555555555555 0.0171875 0.05694444444444444
4 0.46953125 0.6569444444444444 0.06953125 0.05138888888888889
5 0.53046875 0.65 0.034375 0.05138888888888889
4 0.4671875 0.7208333333333333 0.06484375 0.059722222222222225
5 0.525 0.7222222222222222 0.03125 0.07083333333333333
5 0.47421875 0.7805555555555556 0.0375 0.05277777777777778
4 0.46875 0.8402777777777778 0.0609375 0.05138888888888889
5 0.5265625 0.8319444444444445 0.04140625 0.05416666666666667
4 0.4703125 0.9041666666666667 0.0625 0.05416666666666667
5 0.5125 0.8875 0.0109375 0.041666666666666664
4 0.46953125 0.9638888888888889 0.06015625 0.06944444444444445
5 0.51875 0.9541666666666667 0.01484375 0.058333333333333334