4 0.46640625 0.05277777777777778 0.04921875 0.07083333333333333
5 0.5234375 0.05277777777777778 0.0453125 0.06944444444444445
4 0.46640625 0.12916666666666668 0.04765625 0.07361111111111111
5 0.50546875 0.12916666666666668 0.0140625 0.05416666666666667
4 0.47421875 0.2111111111111111 0.06484375 0.07361111111111111
5 0.5203125 0.20277777777777778 0.01875 0.058333333333333334
4 0.46640625 0.3013888888888889 0.04765625 0.07916666666666666
5 0.509375 0.3 0.03671875 0.06666666666666667
4 0.46640625 0.3972222222222222 0.0453125 0.07222222222222222
5 0.50546875 0.3861111111111111 0.01796875 0.05694444444444444
4 0.4671875 0.49027777777777776 0.05625 0.06805555555555555
5 0.52265625 0.47638888888888886 0.0421875 0.06111111111111111
4 0.4625 0.5791666666666667 0.0640625 0.06805555555555555
5 0.52109375 0.5722222222222222 0.0421875 0.06805555555555555
4 0.459375 0.6583333333333333 0.0375 0.06805555555555555
5 0.50234375 0.6625 0.03671875 0.05277777777777778
4 0.47265625 0.7444444444444445 0.06328125 0.06111111111111111
5 0.525 0.7333333333333333 0.03125 0.05694444444444444