4 0.4578125 0.12638888888888888 0.05546875 0.06111111111111111
5 0.5171875 0.12916666666666668 0.025 0.07361111111111111
4 0.453125 0.2763888888888889 0.03828125 0.07222222222222222
5 0.51015625 0.275 0.03359375 0.05277777777777778
5 0.54765625 0.26944444444444443 0.03359375 0.058333333333333334
5 0.45625 0.35 0.040625 0.05694444444444444
5 0.5078125 0.3472222222222222 0.05390625 0.05277777777777778
4 0.4671875 0.5111111111111111 0.0578125 0.058333333333333334
5 0.5296875 0.5 0.01484375 0.04027777777777778
4 0.45703125 0.6152777777777778 0.04765625 0.07361111111111111
5 0.50859375 0.5986111111111111 0.015625 0.044444444444444446
4 0.46484375 0.7166666666666667 0.06875 0.075
5 0.53046875 0.7069444444444445 0.0359375 0.07361111111111111
0 0.490625 0.8513888888888889 0.0984375 0.1388888888888889