4 0.45546875 0.2222222222222222 0.04765625 0.07083333333333333
5 0.525 0.225 0.03046875 0.07222222222222222
4 0.46796875 0.33055555555555555 0.07890625 0.06805555555555555
5 0.54140625 0.32083333333333336 0.02109375 0.05694444444444444
4 0.4640625 0.40555555555555556 0.06953125 0.04583333333333333
5 0.53046875 0.39444444444444443 0.0328125 0.058333333333333334
4 0.4515625 0.4722222222222222 0.0453125 0.05
5 0.50859375 0.4708333333333333 0.0390625 0.05277777777777778
4 0.45234375 0.55 0.05390625 0.058333333333333334
5 0.5078125 0.5416666666666666 0.01875 0.058333333333333334
0 0.49375 0.6763888888888889 0.1078125 0.13333333333333333