4 0.45625 0.09027777777777778 0.0515625 0.05694444444444444
5 0.50859375 0.09444444444444444 0.0359375 0.04583333333333333
5 0.5359375 0.09305555555555556 0.02265625 0.058333333333333334
4 0.45078125 0.1486111111111111 0.040625 0.04722222222222222
5 0.50234375 0.14166666666666666 0.0359375 0.041666666666666664
4 0.4515625 0.19583333333333333 0.04375 0.05277777777777778
5 0.50390625 0.18611111111111112 0.02890625 0.04722222222222222
4 0.53984375 0.18194444444444444 0.0375 0.05416666666666667
4 0.45 0.24444444444444444 0.053125 0.05555555555555555
5 0.5015625 0.24166666666666667 0.0203125 0.04722222222222222
4 0.5296875 0.24027777777777778 0.03359375 0.044444444444444446
4 0.4484375 0.29305555555555557 0.02890625 0.05
5 0.4875 0.29305555555555557 0.015625 0.04583333333333333
4 0.46171875 0.3472222222222222 0.0484375 0.06527777777777778
5 0.51640625 0.34305555555555556 0.01640625 0.06944444444444445
4 0.446875 0.3902777777777778 0.034375 0.04583333333333333
5 0.48359375 0.38472222222222224 0.03671875 0.04722222222222222
3 0.48125 0.4875 0.10234375 0.12916666666666668
0 0.4875 0.6277777777777778 0.09609375 0.1375