4 0.465625 0.08611111111111111 0.04453125 0.05277777777777778
5 0.5109375 0.0875 0.0296875 0.04583333333333333
5 0.53984375 0.08888888888888889 0.03671875 0.05
5 0.45625 0.16666666666666666 0.028125 0.043055555555555555
5 0.49140625 0.1625 0.0328125 0.03194444444444444
5 0.53203125 0.15694444444444444 0.03828125 0.04027777777777778
5 0.453125 0.21944444444444444 0.0296875 0.04722222222222222
5 0.48125 0.21805555555555556 0.03125 0.05
5 0.51015625 0.21805555555555556 0.0265625 0.043055555555555555
5 0.53828125 0.2111111111111111 0.03203125 0.043055555555555555
4 0.4640625 0.2902777777777778 0.04921875 0.05138888888888889
5 0.51875 0.2791666666666667 0.03125 0.043055555555555555
4 0.465625 0.3763888888888889 0.053125 0.04583333333333333
5 0.51640625 0.36666666666666664 0.0265625 0.044444444444444446
4 0.4734375 0.4263888888888889 0.06171875 0.041666666666666664
5 0.52109375 0.41805555555555557 0.0140625 0.04027777777777778
4 0.4578125 0.4777777777777778 0.0328125 0.05555555555555555
5 0.4984375 0.475 0.01875 0.0375
4 0.46328125 0.5666666666666667 0.04609375 0.06666666666666667
5 0.5171875 0.5555555555555556 0.03671875 0.043055555555555555
5 0.54609375 0.5416666666666666 0.01875 0.04583333333333333
0 0.48125 0.7611111111111111 0.07890625 0.16527777777777777