4 0.471875 0.058333333333333334 0.0515625 0.05277777777777778
5 0.5234375 0.05277777777777778 0.028125 0.043055555555555555
4 0.47578125 0.1111111111111111 0.05 0.04861111111111111
5 0.521875 0.1 0.0171875 0.05555555555555555
4 0.47421875 0.16666666666666666 0.04921875 0.044444444444444446
5 0.51953125 0.1638888888888889 0.01796875 0.05694444444444444
4 0.46640625 0.225 0.03125 0.05
5 0.4984375 0.22083333333333333 0.01015625 0.043055555555555555
4 0.4609375 0.29583333333333334 0.04609375 0.07361111111111111
5 0.5015625 0.2847222222222222 0.0125 0.044444444444444446
4 0.4578125 0.35138888888888886 0.04453125 0.05277777777777778
5 0.50078125 0.3388888888888889 0.0109375 0.03888888888888889
4 0.4625 0.4041666666666667 0.04375 0.05277777777777778
5 0.50546875 0.39444444444444443 0.01328125 0.04722222222222222
0 0.48984375 0.6277777777777778 0.0515625 0.09583333333333334