4 0.46015625 0.08611111111111111 0.053125 0.05416666666666667
5 0.51015625 0.0763888888888889 0.03125 0.0625
5 0.53125 0.0763888888888889 0.0203125 0.0625
4 0.5546875 0.0763888888888889 0.03125 0.05416666666666667
4 0.44765625 0.14583333333333334 0.03515625 0.05555555555555555
5 0.4953125 0.14444444444444443 0.01640625 0.059722222222222225
4 0.53515625 0.14305555555555555 0.04921875 0.05416666666666667
4 0.4515625 0.20972222222222223 0.04609375 0.06111111111111111
5 0.49921875 0.20416666666666666 0.015625 0.05416666666666667
4 0.540625 0.20694444444444443 0.046875 0.06666666666666667
4 0.45703125 0.2916666666666667 0.05390625 0.07222222222222222
5 0.5140625 0.28194444444444444 0.0375 0.05416666666666667
4 0.453125 0.3625 0.04921875 0.0625
5 0.5078125 0.3541666666666667 0.01484375 0.06388888888888888
4 0.4484375 0.42777777777777776 0.04765625 0.08055555555555556
5 0.50078125 0.425 0.01640625 0.06527777777777778
0 0.484375 0.5097222222222222 0.05625 0.10138888888888889