4 0.4609375 0.04861111111111111 0.0453125 0.06388888888888888
5 0.51171875 0.05277777777777778 0.0375 0.07222222222222222
4 0.5453125 0.05416666666666667 0.03671875 0.07777777777777778
4 0.46953125 0.13194444444444445 0.0546875 0.06666666666666667
5 0.521875 0.12916666666666668 0.0375 0.05416666666666667
4 0.54765625 0.15694444444444444 0.0296875 0.05694444444444444
5 0.51640625 0.1875 0.0328125 0.059722222222222225
4 0.47421875 0.27361111111111114 0.07890625 0.07777777777777778
5 0.5375 0.28194444444444444 0.01484375 0.05
4 0.46015625 0.35138888888888886 0.04609375 0.059722222222222225
5 0.51875 0.35694444444444445 0.040625 0.06805555555555555
4 0.46640625 0.43333333333333335 0.05703125 0.07777777777777778
5 0.52265625 0.43194444444444446 0.0265625 0.06111111111111111
4 0.4625 0.5055555555555555 0.0484375 0.06527777777777778
5 0.52265625 0.5069444444444444 0.02265625 0.06388888888888888
0 0.49765625 0.6375 0.1203125 0.1486111111111111