4 0.45390625 0.075 0.03984375 0.04861111111111111
5 0.50546875 0.07083333333333333 0.03046875 0.04722222222222222
5 0.540625 0.06805555555555555 0.0328125 0.04583333333333333
5 0.50546875 0.10972222222222222 0.02578125 0.03888888888888889
4 0.44765625 0.15694444444444444 0.03515625 0.05694444444444444
5 0.49453125 0.15694444444444444 0.03046875 0.044444444444444446
5 0.51953125 0.15416666666666667 0.015625 0.043055555555555555
4 0.44921875 0.20694444444444443 0.04375 0.041666666666666664
5 0.50078125 0.2013888888888889 0.03125 0.04027777777777778
5 0.52421875 0.20694444444444443 0.0171875 0.04583333333333333
4 0.44921875 0.25277777777777777 0.0359375 0.04583333333333333
5 0.490625 0.25277777777777777 0.0171875 0.04583333333333333
4 0.45 0.2986111111111111 0.0375 0.044444444444444446
5 0.503125 0.29305555555555557 0.015625 0.04861111111111111
4 0.446875 0.3486111111111111 0.0328125 0.05277777777777778
5 0.4875 0.3416666666666667 0.01953125 0.044444444444444446
4 0.45546875 0.39305555555555555 0.04609375 0.05
5 0.50234375 0.38472222222222224 0.01953125 0.059722222222222225
4 0.45859375 0.4388888888888889 0.05234375 0.05138888888888889
5 0.5140625 0.43333333333333335 0.0125 0.05555555555555555
4 0.45234375 0.4930555555555556 0.0421875 0.0625
5 0.490625 0.4875 0.0140625 0.04861111111111111
4 0.45625 0.5458333333333333 0.0625 0.05277777777777778
5 0.51328125 0.5305555555555556 0.0125 0.05555555555555555
4 0.459375 0.5958333333333333 0.0578125 0.04722222222222222
5 0.51328125 0.5875 0.01015625 0.06805555555555555
4 0.45 0.65 0.03828125 0.05416666666666667
5 0.496875 0.6430555555555556 0.0171875 0.06388888888888888
0 0.4921875 0.7402777777777778 0.075 0.13333333333333333