4 0.453125 0.07361111111111111 0.0453125 0.03333333333333333
4 0.45078125 0.12083333333333333 0.04140625 0.04583333333333333
4 0.4484375 0.16527777777777777 0.034375 0.03611111111111111
4 0.4484375 0.2111111111111111 0.034375 0.05
4 0.45078125 0.2625 0.03828125 0.04583333333333333
4 0.45234375 0.30694444444444446 0.03359375 0.041666666666666664
4 0.4515625 0.3486111111111111 0.04375 0.044444444444444446
5 0.50546875 0.07777777777777778 0.0203125 0.03888888888888889
5 0.50234375 0.1125 0.0328125 0.044444444444444446
5 0.49375 0.15833333333333333 0.0203125 0.0375
5 0.4984375 0.20416666666666666 0.03203125 0.05138888888888889
5 0.52265625 0.20555555555555555 0.01328125 0.041666666666666664
5 0.49296875 0.25277777777777777 0.0328125 0.041666666666666664
5 0.49296875 0.3 0.0296875 0.04583333333333333
5 0.49296875 0.34305555555555556 0.01484375 0.043055555555555555
0 0.4828125 0.5194444444444445 0.12734375 0.20694444444444443
4 0.54140625 0.0763888888888889 0.04375 0.041666666666666664
4 0.5421875 0.11666666666666667 0.0359375 0.03611111111111111
4 0.53671875 0.1625 0.034375 0.044444444444444446