4 0.45625 0.2375 0.04453125 0.05555555555555555
5 0.50859375 0.24166666666666667 0.03125 0.044444444444444446
5 0.54453125 0.23472222222222222 0.03125 0.04027777777777778
5 0.45 0.30833333333333335 0.0328125 0.04722222222222222
5 0.4828125 0.30416666666666664 0.0328125 0.04027777777777778
4 0.4640625 0.4583333333333333 0.05 0.05
5 0.52421875 0.45416666666666666 0.03671875 0.041666666666666664
5 0.490625 0.5319444444444444 0.0234375 0.06666666666666667
4 0.45703125 0.6111111111111112 0.04453125 0.06111111111111111
5 0.5 0.6166666666666667 0.0171875 0.05555555555555555
4 0.4546875 0.6930555555555555 0.04140625 0.05555555555555555
5 0.5109375 0.6972222222222222 0.034375 0.05