4 0.46640625 0.03888888888888889 0.0359375 0.06527777777777778
5 0.503125 0.03611111111111111 0.01328125 0.058333333333333334
4 0.46484375 0.14583333333333334 0.040625 0.06944444444444445
5 0.5015625 0.1375 0.01875 0.06111111111111111
4 0.4625 0.26944444444444443 0.05 0.06527777777777778
5 0.509375 0.25972222222222224 0.0265625 0.05277777777777778
5 0.5265625 0.25277777777777777 0.009375 0.05
4 0.46015625 0.36527777777777776 0.040625 0.058333333333333334
5 0.50546875 0.3597222222222222 0.0328125 0.06527777777777778
5 0.5390625 0.3527777777777778 0.03671875 0.06527777777777778
4 0.4734375 0.46805555555555556 0.06796875 0.06805555555555555
5 0.5234375 0.46944444444444444 0.0171875 0.07222222222222222
4 0.46875 0.5652777777777778 0.0640625 0.05694444444444444
5 0.5234375 0.5597222222222222 0.034375 0.07361111111111111
4 0.4734375 0.6652777777777777 0.0828125 0.09166666666666666
5 0.53984375 0.6513888888888889 0.0234375 0.04722222222222222
4 0.46640625 0.7513888888888889 0.065625 0.0875
5 0.52578125 0.7305555555555555 0.03828125 0.05694444444444444
0 0.48828125 0.8513888888888889 0.06015625 0.09305555555555556