3 0.50078125 0.034722222222222224 0.115625 0.05416666666666667
3 0.4890625 0.09305555555555556 0.0859375 0.05694444444444444
4 0.4671875 0.16111111111111112 0.04375 0.06666666666666667
5 0.5125 0.16111111111111112 0.03828125 0.058333333333333334
4 0.4671875 0.24166666666666667 0.053125 0.06111111111111111
5 0.5140625 0.24305555555555555 0.0328125 0.058333333333333334
4 0.46015625 0.29583333333333334 0.0328125 0.05277777777777778
5 0.496875 0.3 0.01953125 0.04722222222222222
4 0.46484375 0.39305555555555555 0.046875 0.06666666666666667
5 0.51640625 0.39444444444444443 0.03984375 0.05138888888888889
4 0.4671875 0.48333333333333334 0.0578125 0.058333333333333334
5 0.515625 0.4861111111111111 0.01328125 0.05416666666666667
3 0.4953125 0.5597222222222222 0.12109375 0.06111111111111111
5 0.490625 0.6041666666666666 0.0328125 0.0375
4 0.45546875 0.6555555555555556 0.0453125 0.05555555555555555
5 0.4921875 0.6430555555555556 0.01484375 0.041666666666666664
3 0.4953125 0.7333333333333333 0.1359375 0.06666666666666667
4 0.465625 0.8055555555555556 0.065625 0.04583333333333333
5 0.51640625 0.8055555555555556 0.01875 0.041666666666666664
4 0.465625 0.8652777777777778 0.06015625 0.06111111111111111
5 0.51328125 0.8569444444444444 0.01015625 0.03333333333333333
0 0.47890625 0.9375 0.05390625 0.07222222222222222