4 0.46171875 0.04722222222222222 0.046875 0.05694444444444444
5 0.5125 0.05277777777777778 0.040625 0.05416666666666667
5 0.5515625 0.05 0.03203125 0.05416666666666667
5 0.47734375 0.09166666666666666 0.02421875 0.043055555555555555
4 0.46171875 0.14722222222222223 0.04609375 0.06111111111111111
5 0.51171875 0.14305555555555555 0.0125 0.04583333333333333
4 0.46640625 0.23472222222222222 0.0515625 0.05138888888888889
5 0.5234375 0.225 0.03125 0.05555555555555555
4 0.47421875 0.35555555555555557 0.0625 0.07083333333333333
5 0.546875 0.34444444444444444 0.04453125 0.06805555555555555
5 0.45625 0.4388888888888889 0.03125 0.075
4 0.47109375 0.5583333333333333 0.07734375 0.07777777777777778
5 0.5359375 0.5375 0.034375 0.07083333333333333
4 0.47421875 0.6458333333333334 0.078125 0.07361111111111111
5 0.5328125 0.6333333333333333 0.01875 0.05
4 0.465625 0.7319444444444444 0.059375 0.07361111111111111
5 0.51328125 0.725 0.01484375 0.05
4 0.46171875 0.8291666666666667 0.06328125 0.07777777777777778
5 0.521875 0.8152777777777778 0.03828125 0.06527777777777778