4 0.459375 0.125 0.04296875 0.07222222222222222
5 0.5203125 0.12361111111111112 0.0421875 0.05555555555555555
4 0.459375 0.23194444444444445 0.04765625 0.06944444444444445
5 0.528125 0.22777777777777777 0.05078125 0.06944444444444445
4 0.46875 0.3055555555555556 0.05625 0.04861111111111111
5 0.5265625 0.30277777777777776 0.01328125 0.059722222222222225
4 0.46171875 0.37777777777777777 0.053125 0.05555555555555555
5 0.51171875 0.375 0.02578125 0.06805555555555555
4 0.46015625 0.4305555555555556 0.05 0.06944444444444445
5 0.51171875 0.43333333333333335 0.0171875 0.06527777777777778
4 0.4578125 0.49722222222222223 0.0453125 0.07222222222222222
5 0.51484375 0.49027777777777776 0.0296875 0.06666666666666667
0 0.49609375 0.6638888888888889 0.0796875 0.14583333333333334