4 0.45625 0.08333333333333333 0.04609375 0.0375
5 0.503125 0.08611111111111111 0.03046875 0.05277777777777778
5 0.52890625 0.08333333333333333 0.02890625 0.05277777777777778
5 0.55625 0.08055555555555556 0.02890625 0.05277777777777778
4 0.4484375 0.1361111111111111 0.0375 0.05416666666666667
5 0.48515625 0.1375 0.0171875 0.05
4 0.44453125 0.18888888888888888 0.034375 0.05555555555555555
5 0.4875 0.18888888888888888 0.01015625 0.041666666666666664
4 0.44765625 0.2375 0.0359375 0.058333333333333334
5 0.4953125 0.24305555555555555 0.03359375 0.04722222222222222
5 0.52109375 0.24583333333333332 0.03046875 0.05277777777777778
5 0.54765625 0.24305555555555555 0.02265625 0.059722222222222225
5 0.45078125 0.3 0.0328125 0.044444444444444446
5 0.4875 0.29583333333333334 0.03125 0.05555555555555555
5 0.51875 0.30416666666666664 0.02578125 0.05138888888888889
5 0.54765625 0.30972222222222223 0.0328125 0.05277777777777778
3 0.48125 0.35694444444444445 0.053125 0.03333333333333333
3 0.48203125 0.44027777777777777 0.09453125 0.11944444444444445
4 0.45390625 0.5458333333333333 0.0453125 0.05
5 0.50234375 0.5444444444444444 0.021875 0.043055555555555555
0 0.4796875 0.6416666666666667 0.09140625 0.13333333333333333