4 0.4515625 0.04722222222222222 0.05078125 0.06111111111111111
5 0.50234375 0.041666666666666664 0.025 0.05555555555555555
4 0.44765625 0.10277777777777777 0.04375 0.04861111111111111
5 0.50625 0.10138888888888889 0.03828125 0.044444444444444446
4 0.45234375 0.18194444444444444 0.0578125 0.06805555555555555
5 0.509375 0.1736111111111111 0.03671875 0.05555555555555555
5 0.540625 0.1763888888888889 0.02578125 0.05
4 0.45234375 0.2388888888888889 0.06328125 0.059722222222222225
5 0.5125 0.23333333333333334 0.0265625 0.07083333333333333
4 0.55703125 0.2388888888888889 0.05859375 0.07083333333333333
4 0.4515625 0.32083333333333336 0.05390625 0.07222222222222222
5 0.5140625 0.3194444444444444 0.0421875 0.06805555555555555
4 0.459375 0.4152777777777778 0.06640625 0.07083333333333333
5 0.52421875 0.4027777777777778 0.0140625 0.06805555555555555
5 0.53359375 0.3958333333333333 0.0140625 0.06944444444444445
0 0.47890625 0.5472222222222223 0.09765625 0.1388888888888889