4 0.4578125 0.07777777777777778 0.0453125 0.058333333333333334
5 0.5015625 0.08194444444444444 0.02890625 0.05694444444444444
4 0.54375 0.07777777777777778 0.0484375 0.04861111111111111
4 0.45 0.12638888888888888 0.0390625 0.05138888888888889
5 0.4953125 0.13333333333333333 0.0234375 0.05138888888888889
4 0.53828125 0.13472222222222222 0.04296875 0.05138888888888889
4 0.45703125 0.18194444444444444 0.0484375 0.05138888888888889
5 0.5 0.18055555555555555 0.02265625 0.05
4 0.53671875 0.18194444444444444 0.05 0.04583333333333333
4 0.45703125 0.22916666666666666 0.046875 0.03611111111111111
5 0.5078125 0.23333333333333334 0.03125 0.03611111111111111
4 0.45078125 0.275 0.03125 0.044444444444444446
5 0.496875 0.28055555555555556 0.02890625 0.04583333333333333
5 0.5171875 0.2722222222222222 0.0125 0.043055555555555555
4 0.45 0.3236111111111111 0.0375 0.044444444444444446
5 0.48984375 0.33055555555555555 0.01328125 0.044444444444444446
4 0.45703125 0.3736111111111111 0.04375 0.041666666666666664
5 0.50625 0.37777777777777777 0.0375 0.04722222222222222
4 0.4546875 0.42916666666666664 0.0390625 0.05555555555555555
5 0.49921875 0.4263888888888889 0.01328125 0.04027777777777778
4 0.45390625 0.4777777777777778 0.0453125 0.05694444444444444
5 0.4984375 0.48333333333333334 0.0125 0.044444444444444446
4 0.45078125 0.5236111111111111 0.04140625 0.04583333333333333
5 0.4921875 0.5263888888888889 0.009375 0.04722222222222222
4 0.453125 0.575 0.0390625 0.0625
5 0.49375 0.5777777777777777 0.02265625 0.0625
4 0.45078125 0.6180555555555556 0.034375 0.05555555555555555
5 0.48671875 0.6222222222222222 0.0125 0.044444444444444446
4 0.45703125 0.6583333333333333 0.0390625 0.04583333333333333
5 0.49140625 0.6555555555555556 0.01171875 0.05138888888888889
4 0.4609375 0.7027777777777777 0.0484375 0.04861111111111111
5 0.503125 0.7 0.015625 0.05694444444444444
4 0.46015625 0.7458333333333333 0.0453125 0.06111111111111111
5 0.50234375 0.7472222222222222 0.009375 0.05277777777777778
0 0.48828125 0.8125 0.046875 0.09166666666666666