3 0.4984375 0.0875 0.12734375 0.058333333333333334
4 0.45546875 0.15555555555555556 0.04140625 0.05555555555555555
5 0.51328125 0.15416666666666667 0.04375 0.06805555555555555
4 0.46015625 0.22361111111111112 0.04921875 0.07916666666666666
5 0.51015625 0.2222222222222222 0.02109375 0.07083333333333333
4 0.465625 0.3013888888888889 0.0578125 0.06805555555555555
5 0.5265625 0.29583333333333334 0.0171875 0.06527777777777778
4 0.45859375 0.3638888888888889 0.04921875 0.05416666666666667
5 0.51484375 0.36666666666666664 0.03046875 0.05555555555555555
5 0.5515625 0.37222222222222223 0.03359375 0.059722222222222225
4 0.51484375 0.4388888888888889 0.06171875 0.058333333333333334
0 0.478125 0.5541666666666667 0.05234375 0.11527777777777778