4 0.4671875 0.21944444444444444 0.05625 0.059722222222222225
5 0.52890625 0.225 0.0359375 0.06388888888888888
5 0.45078125 0.29583333333333334 0.034375 0.05138888888888889
5 0.4796875 0.2902777777777778 0.015625 0.05
4 0.4703125 0.35 0.08046875 0.058333333333333334
5 0.52578125 0.3347222222222222 0.028125 0.04722222222222222
5 0.55390625 0.33194444444444443 0.0265625 0.043055555555555555
4 0.47265625 0.40555555555555556 0.09140625 0.05694444444444444
5 0.54453125 0.3972222222222222 0.040625 0.059722222222222225
4 0.45546875 0.46944444444444444 0.04375 0.058333333333333334
5 0.51640625 0.4666666666666667 0.03828125 0.05277777777777778
5 0.4578125 0.5361111111111111 0.04609375 0.058333333333333334
5 0.509375 0.5347222222222222 0.03828125 0.05416666666666667
5 0.55 0.5375 0.0390625 0.06666666666666667