4 0.4484375 0.06944444444444445 0.03046875 0.04583333333333333
5 0.48515625 0.06805555555555555 0.02578125 0.04583333333333333
4 0.53203125 0.07777777777777778 0.04765625 0.05694444444444444
4 0.45546875 0.12361111111111112 0.0421875 0.05416666666666667
5 0.50078125 0.12361111111111112 0.0265625 0.05416666666666667
5 0.51796875 0.12361111111111112 0.015625 0.05416666666666667
4 0.5515625 0.13472222222222222 0.04609375 0.07083333333333333
4 0.45625 0.17083333333333334 0.04375 0.05277777777777778
5 0.49453125 0.18055555555555555 0.00859375 0.043055555555555555
4 0.45 0.225 0.0359375 0.05277777777777778
5 0.4953125 0.22777777777777777 0.021875 0.05277777777777778
4 0.45078125 0.28055555555555556 0.0390625 0.05555555555555555
5 0.48984375 0.2861111111111111 0.0203125 0.05
4 0.4515625 0.3375 0.04609375 0.06388888888888888
5 0.50234375 0.3402777777777778 0.0328125 0.05416666666666667
4 0.44921875 0.39861111111111114 0.040625 0.05416666666666667
5 0.49453125 0.40555555555555556 0.01328125 0.05416666666666667
4 0.45234375 0.4625 0.04375 0.06944444444444445
5 0.490625 0.4597222222222222 0.01484375 0.05555555555555555
4 0.45234375 0.5152777777777777 0.0484375 0.05416666666666667
5 0.51328125 0.5166666666666667 0.02578125 0.05
4 0.4515625 0.5652777777777778 0.05546875 0.043055555555555555
5 0.5 0.5652777777777778 0.01875 0.05416666666666667
0 0.475 0.6388888888888888 0.06875 0.10555555555555556