0 0.49921875 0.6027777777777777 0.0578125 0.12777777777777777
4 0.45859375 0.20972222222222223 0.05390625 0.044444444444444446
5 0.5125 0.2125 0.03046875 0.05138888888888889
5 0.53828125 0.21388888888888888 0.021875 0.05277777777777778
5 0.55546875 0.2125 0.015625 0.04722222222222222
4 0.45 0.26805555555555555 0.03671875 0.05694444444444444
5 0.48515625 0.2652777777777778 0.01484375 0.03888888888888889
4 0.45859375 0.32083333333333336 0.05234375 0.05
5 0.5125 0.3125 0.0265625 0.044444444444444446
4 0.45703125 0.3736111111111111 0.04921875 0.05138888888888889
5 0.5046875 0.3763888888888889 0.01640625 0.043055555555555555
4 0.4578125 0.4361111111111111 0.04765625 0.06111111111111111
5 0.50625 0.4375 0.01484375 0.04722222222222222