4 0.45546875 0.07916666666666666 0.0375 0.04027777777777778
5 0.503125 0.07916666666666666 0.028125 0.03194444444444444
4 0.54375 0.0763888888888889 0.04140625 0.03611111111111111
4 0.45234375 0.11944444444444445 0.0375 0.041666666666666664
5 0.503125 0.12083333333333333 0.0265625 0.03888888888888889
4 0.54453125 0.11944444444444445 0.034375 0.05138888888888889
4 0.4546875 0.16111111111111112 0.03671875 0.04583333333333333
5 0.50078125 0.15833333333333333 0.0125 0.03611111111111111
4 0.4609375 0.20972222222222223 0.05234375 0.05
5 0.50859375 0.20277777777777778 0.02421875 0.05138888888888889
4 0.44921875 0.25277777777777777 0.0265625 0.05694444444444444
5 0.4859375 0.25416666666666665 0.0125 0.043055555555555555
4 0.45078125 0.3013888888888889 0.02421875 0.04583333333333333
5 0.48671875 0.29583333333333334 0.01875 0.0375
4 0.4609375 0.34305555555555556 0.04140625 0.044444444444444446
5 0.50546875 0.33055555555555555 0.01640625 0.05416666666666667
4 0.45234375 0.3875 0.03125 0.05
5 0.49140625 0.38472222222222224 0.0171875 0.043055555555555555
4 0.46171875 0.43472222222222223 0.0515625 0.04583333333333333
5 0.50625 0.42916666666666664 0.01640625 0.05416666666666667
4 0.459375 0.48333333333333334 0.04609375 0.04722222222222222
5 0.51171875 0.48194444444444445 0.0109375 0.044444444444444446
4 0.4578125 0.5222222222222223 0.0421875 0.05416666666666667
5 0.50703125 0.5236111111111111 0.01328125 0.041666666666666664
0 0.48671875 0.6291666666666667 0.09609375 0.14027777777777778