4 0.47578125 0.20694444444444443 0.0703125 0.06666666666666667
5 0.55234375 0.20555555555555555 0.03984375 0.04027777777777778
4 0.47421875 0.275 0.05234375 0.05694444444444444
5 0.540625 0.2902777777777778 0.040625 0.05277777777777778
5 0.5390625 0.2375 0.025 0.043055555555555555
4 0.4515625 0.6180555555555556 0.04609375 0.06805555555555555
4 0.4890625 0.6138888888888889 0.03515625 0.06805555555555555
5 0.5265625 0.5861111111111111 0.03515625 0.05138888888888889
5 0.54375 0.6194444444444445 0.0359375 0.05
4 0.453125 0.6944444444444444 0.040625 0.06111111111111111
4 0.496875 0.6944444444444444 0.040625 0.0625
5 0.54453125 0.6875 0.0390625 0.06388888888888888
0 0.4875 0.7736111111111111 0.07578125 0.09305555555555556