4 0.46953125 0.28055555555555556 0.059375 0.06111111111111111
5 0.5390625 0.25555555555555554 0.046875 0.06111111111111111
3 0.5 0.3486111111111111 0.140625 0.06944444444444445
4 0.471875 0.42916666666666664 0.04921875 0.07361111111111111
5 0.54453125 0.4152777777777778 0.046875 0.05694444444444444
4 0.47109375 0.5125 0.0453125 0.06666666666666667
5 0.53359375 0.49444444444444446 0.0265625 0.06805555555555555
4 0.471875 0.5930555555555556 0.04765625 0.06805555555555555
5 0.52890625 0.5944444444444444 0.0140625 0.05277777777777778
4 0.459375 0.6861111111111111 0.06015625 0.06944444444444445
5 0.51796875 0.6861111111111111 0.0390625 0.06527777777777778
5 0.55234375 0.6722222222222223 0.0171875 0.06527777777777778
3 0.49140625 0.7694444444444445 0.14140625 0.07083333333333333
0 0.47890625 0.8569444444444444 0.08671875 0.10972222222222222