4 0.465625 0.2 0.09609375 0.08611111111111111
4 0.45859375 0.2652777777777778 0.06328125 0.06388888888888888
4 0.46171875 0.3611111111111111 0.0578125 0.05
4 0.45546875 0.55 0.053125 0.08888888888888889
5 0.5328125 0.20694444444444443 0.0296875 0.058333333333333334
5 0.52265625 0.26944444444444443 0.0453125 0.058333333333333334
5 0.44375 0.30694444444444446 0.0234375 0.041666666666666664
5 0.528125 0.36527777777777776 0.04375 0.08055555555555556
5 0.44375 0.4361111111111111 0.0453125 0.075
5 0.48125 0.44305555555555554 0.02890625 0.07361111111111111
5 0.51171875 0.5444444444444444 0.03046875 0.06805555555555555
5 0.54453125 0.55 0.034375 0.07777777777777778
5 0.44921875 0.6444444444444445 0.04453125 0.07916666666666666
5 0.49140625 0.6458333333333334 0.02890625 0.059722222222222225
0 0.4953125 0.7402777777777778 0.09453125 0.14305555555555555