4 0.4625 0.03611111111111111 0.0421875 0.07222222222222222
4 0.47109375 0.12361111111111112 0.06015625 0.08055555555555556
4 0.4640625 0.2 0.0484375 0.08194444444444444
4 0.46484375 0.28194444444444444 0.04765625 0.08194444444444444
4 0.46484375 0.3638888888888889 0.05625 0.08888888888888889
4 0.4703125 0.45 0.06953125 0.08055555555555556
4 0.46875 0.5513888888888889 0.0625 0.09166666666666666
5 0.50703125 0.03333333333333333 0.03203125 0.06527777777777778
5 0.53984375 0.03194444444444444 0.03125 0.059722222222222225
5 0.52265625 0.10694444444444444 0.034375 0.058333333333333334
5 0.54453125 0.10833333333333334 0.01640625 0.058333333333333334
5 0.5046875 0.18472222222222223 0.0109375 0.05138888888888889
5 0.50703125 0.27361111111111114 0.0203125 0.05
5 0.51484375 0.34444444444444444 0.0234375 0.07083333333333333
5 0.5296875 0.4375 0.0375 0.07222222222222222
5 0.52421875 0.5527777777777778 0.0265625 0.075
0 0.475 0.7555555555555555 0.0859375 0.1388888888888889