4 0.46796875 0.05277777777777778 0.0421875 0.07222222222222222
5 0.5109375 0.05 0.0265625 0.07777777777777778
4 0.4640625 0.12777777777777777 0.04375 0.06527777777777778
5 0.50234375 0.12638888888888888 0.021875 0.06111111111111111
4 0.46953125 0.19583333333333333 0.0515625 0.058333333333333334
5 0.50625 0.19305555555555556 0.021875 0.059722222222222225
4 0.465625 0.25555555555555554 0.034375 0.06527777777777778
5 0.5015625 0.2611111111111111 0.01484375 0.05
4 0.4734375 0.34444444444444444 0.0609375 0.06111111111111111
5 0.5203125 0.3416666666666667 0.0234375 0.06388888888888888
4 0.47890625 0.3972222222222222 0.06875 0.05277777777777778
5 0.5453125 0.39305555555555555 0.025 0.05694444444444444
4 0.47421875 0.45555555555555555 0.0671875 0.06805555555555555
5 0.521875 0.44305555555555554 0.025 0.06527777777777778
4 0.459375 0.5291666666666667 0.03828125 0.06527777777777778
5 0.5046875 0.5305555555555556 0.03203125 0.06666666666666667
5 0.5421875 0.5333333333333333 0.03671875 0.06944444444444445
5 0.46328125 0.5902777777777778 0.03125 0.05416666666666667
4 0.46796875 0.6458333333333334 0.0484375 0.05694444444444444
5 0.5265625 0.6347222222222222 0.03359375 0.05138888888888889
4 0.4703125 0.7097222222222223 0.0578125 0.05555555555555555
5 0.52109375 0.7055555555555556 0.028125 0.04722222222222222
5 0.54921875 0.7069444444444445 0.02890625 0.05
5 0.45859375 0.7652777777777777 0.03828125 0.05416666666666667
5 0.49765625 0.7611111111111111 0.0328125 0.04583333333333333
4 0.45390625 0.8527777777777777 0.03828125 0.06805555555555555
5 0.496875 0.8541666666666666 0.01796875 0.03611111111111111
4 0.465625 0.9388888888888889 0.05546875 0.06388888888888888
5 0.52421875 0.9291666666666667 0.03125 0.05555555555555555
0 0.53828125 0.8277777777777777 0.0515625 0.10972222222222222