4 0.45703125 0.22083333333333333 0.04609375 0.06527777777777778
5 0.5296875 0.22361111111111112 0.06015625 0.07083333333333333
5 0.4625 0.2777777777777778 0.0375 0.05555555555555555
4 0.46171875 0.3486111111111111 0.08125 0.058333333333333334
5 0.54453125 0.3388888888888889 0.0203125 0.058333333333333334
4 0.4625 0.42916666666666664 0.08046875 0.07083333333333333
5 0.5484375 0.4222222222222222 0.0375 0.059722222222222225
4 0.4578125 0.5055555555555555 0.0484375 0.06944444444444445
5 0.5171875 0.49583333333333335 0.0234375 0.05555555555555555
4 0.46015625 0.5652777777777778 0.075 0.059722222222222225
5 0.534375 0.5569444444444445 0.0390625 0.05694444444444444
5 0.45546875 0.625 0.0515625 0.06111111111111111
0 0.47734375 0.7208333333333333 0.1015625 0.14027777777777778