3 0.4984375 0.1111111111111111 0.134375 0.05277777777777778
3 0.49609375 0.19583333333333333 0.1328125 0.06111111111111111
3 0.49765625 0.28888888888888886 0.13828125 0.0875
4 0.4578125 0.4083333333333333 0.05234375 0.07777777777777778
5 0.51875 0.39305555555555555 0.05546875 0.06527777777777778
5 0.55625 0.3902777777777778 0.02578125 0.05555555555555555
3 0.496875 0.475 0.13046875 0.058333333333333334
3 0.49765625 0.5722222222222222 0.13203125 0.07083333333333333
4 0.45859375 0.6513888888888889 0.0484375 0.06805555555555555
5 0.52109375 0.6583333333333333 0.05234375 0.06111111111111111
0 0.49609375 0.7694444444444445 0.06171875 0.10833333333333334