4 0.45078125 0.07222222222222222 0.04453125 0.04027777777777778
5 0.49921875 0.07222222222222222 0.0265625 0.04027777777777778
5 0.52578125 0.07083333333333333 0.01796875 0.04027777777777778
4 0.45 0.1111111111111111 0.0421875 0.05
5 0.4984375 0.11388888888888889 0.025 0.04027777777777778
4 0.45390625 0.15833333333333333 0.03828125 0.04027777777777778
5 0.49765625 0.15416666666666667 0.0234375 0.05555555555555555
4 0.45546875 0.2 0.04453125 0.044444444444444446
5 0.50390625 0.2013888888888889 0.01796875 0.05138888888888889
4 0.45234375 0.25277777777777777 0.04453125 0.044444444444444446
5 0.50078125 0.24722222222222223 0.0171875 0.043055555555555555
4 0.44765625 0.3 0.02890625 0.05416666666666667
5 0.4890625 0.2972222222222222 0.01875 0.044444444444444446
4 0.44921875 0.3486111111111111 0.0390625 0.044444444444444446
5 0.48828125 0.3486111111111111 0.01328125 0.04027777777777778
4 0.45234375 0.3972222222222222 0.04765625 0.05138888888888889
5 0.4984375 0.39166666666666666 0.01640625 0.05277777777777778
4 0.4484375 0.4388888888888889 0.03984375 0.043055555555555555
5 0.49296875 0.4375 0.0125 0.041666666666666664
4 0.4515625 0.4847222222222222 0.0453125 0.05416666666666667
5 0.5015625 0.4875 0.021875 0.05555555555555555
0 0.48203125 0.6083333333333333 0.10703125 0.175